100
1
587 233 220
10 50
1 120 80 94 6
2 114 79 114 10
3 80 60 72 5
4 114 79 85 6
5 120 80 74 8
6 168 114 76 3
7 114 79 72 1
8 80 60 33 4
9 120 80 31 5
10 114 79 53 2
2
587 233 220
10 50
1 80 60 72 10
2 120 80 94 8
3 120 100 108 7
4 120 80 74 3
5 80 60 53 2
6 120 111 115 2
7 120 80 39 1
8 114 79 85 8
9 126 108 64 3
10 114 79 53 6
3
587 233 220
10 50
1 120 80 94 3
2 120 80 74 7
3 114 79 72 5
4 80 60 72 8
5 114 79 114 7
6 120 100 105 7
7 120 80 39 6
8 120 100 108 4
9 114 98 74 2
10 114 79 91 1
4
587 233 220
10 50
1 120 80 39 5
2 120 80 74 5
3 120 80 94 5
4 120 100 105 11
5 120 80 31 3
6 120 111 115 6
7 126 108 64 3
8 80 60 72 7
9 114 79 85 2
10 168 114 76 3
5
587 233 220
10 50
1 114 79 114 14
2 120 100 108 3
3 120 80 74 5
4 80 60 72 8
5 120 80 94 5
6 120 80 31 4
7 114 79 91 2
8 120 100 105 5
9 168 114 111 4
6
587 233 220
10 50
1 120 80 31 4
2 114 79 114 11
3 120 100 108 7
4 120 80 74 5
5 114 79 53 4
6 114 79 72 6
7 120 111 115 4
8 80 60 53 3
9 168 114 76 3
10 168 114 111 3
7
587 233 220
10 50
1 168 114 111 4
2 114 79 114 11
3 80 60 53 6
4 114 79 85 6
5 120 80 74 2
6 114 79 91 3
7 120 100 105 10
8 114 79 53 5
9 80 60 65 2
10 168 114 76 1
8
587 233 220
10 50
1 114 98 74 3
2 120 100 105 9
3 126 108 64 8
4 80 60 72 4
5 114 79 114 11
6 120 80 94 6
7 80 60 53 3
8 80 60 65 1
9 114 79 91 3
10 120 111 115 2
9
587 233 220
10 50
1 120 80 31 6
2 114 79 114 8
3 114 79 91 3
4 114 79 53 6
5 120 80 39 8
6 120 80 74 4
7 80 60 72 7
8 168 114 111 6
9 114 98 74 2
10
587 233 220
10 50
1 114 79 114 5
2 120 100 105 9
3 120 80 74 7
4 120 80 31 5
5 114 79 72 3
6 80 60 65 2
7 80 60 72 6
8 168 114 111 2
9 114 79 85 7
10 114 79 53 4
11
587 233 220
10 50
1 114 79 85 3
2 120 80 31 4
3 120 80 94 9
4 80 60 33 4
5 120 100 105 6
6 114 79 53 7
7 120 80 39 4
8 120 100 108 4
9 80 60 72 4
10 120 111 115 5
12
587 233 220
10 50
1 120 100 105 9
2 114 79 53 3
3 114 79 114 7
4 120 80 94 8
5 168 114 111 1
6 120 100 108 6
7 80 60 72 7
8 114 98 74 4
9 114 79 85 4
10 126 108 64 1
13
587 233 220
10 50
1 80 60 72 11
2 114 98 74 5
3 120 100 108 8
4 120 111 115 3
5 120 100 105 6
6 120 80 94 2
7 114 79 91 6
8 114 79 85 3
9 114 79 114 3
10 80 60 53 3
14
587 233 220
10 50
1 80 60 53 3
2 120 100 105 8
3 114 79 53 5
4 80 60 72 6
5 168 114 111 9
6 120 80 94 3
7 120 100 108 4
8 114 98 74 7
9 114 79 114 2
10 80 60 33 3
15
587 233 220
10 50
1 168 114 76 2
2 120 100 105 9
3 114 79 91 3
4 80 60 72 8
5 120 100 108 2
6 120 80 31 9
7 120 111 115 3
8 114 79 114 10
9 114 79 53 3
10 168 114 111 1
16
587 233 220
10 50
1 80 60 72 11
2 114 79 114 7
3 120 111 115 4
4 114 79 85 6
5 114 98 74 4
6 120 80 31 7
7 114 79 72 3
8 120 100 108 6
9 114 79 91 2
17
587 233 220
10 50
1 120 80 74 9
2 114 79 114 7
3 114 98 74 7
4 80 60 72 4
5 120 80 31 9
6 120 80 39 4
7 114 79 53 2
8 126 108 64 1
9 80 60 33 4
10 168 114 111 3
18
587 233 220
10 50
1 168 114 76 4
2 80 60 65 7
3 114 79 85 4
4 114 79 114 10
5 120 80 39 7
6 80 60 53 4
7 120 100 105 6
8 126 108 64 3
9 120 80 31 4
10 120 80 94 1
19
587 233 220
10 50
1 114 98 74 7
2 80 60 72 5
3 114 79 72 2
4 120 100 105 12
5 114 79 114 8
6 120 100 108 7
7 168 114 111 4
8 114 79 53 3
9 120 80 94 2
20
587 233 220
10 50
1 120 100 108 7
2 120 100 105 10
3 80 60 65 5
4 168 114 111 3
5 114 79 114 9
6 120 80 31 3
7 120 111 115 6
8 80 60 72 2
9 114 79 91 2
10 80 60 33 3
21
587 233 220
10 50
1 114 98 74 5
2 120 80 74 4
3 114 79 85 2
4 120 100 105 11
5 114 79 114 8
6 80 60 72 7
7 114 79 72 1
8 80 60 53 2
9 120 100 108 9
10 120 80 94 1
22
587 233 220
10 50
1 168 114 76 4
2 120 111 115 6
3 120 100 105 9
4 114 79 85 6
5 120 80 74 7
6 114 79 114 8
7 114 98 74 2
8 120 80 31 6
9 126 108 64 2
23
587 233 220
10 50
1 114 98 74 9
2 120 100 105 5
3 120 80 31 5
4 114 79 91 3
5 114 79 85 7
6 120 111 115 4
7 120 100 108 8
8 168 114 76 2
9 80 60 33 6
10 80 60 53 1
24
587 233 220
10 50
1 114 79 53 6
2 120 100 105 6
3 126 108 64 4
4 120 80 31 6
5 120 100 108 6
6 80 60 72 5
7 120 80 74 6
8 114 79 114 8
9 114 98 74 2
10 80 60 65 1
25
587 233 220
10 50
1 120 80 31 5
2 120 111 115 4
3 120 100 105 9
4 114 79 114 9
5 120 100 108 8
6 168 114 111 2
7 80 60 72 7
8 114 79 85 2
9 120 80 94 2
10 126 108 64 2
26
587 233 220
10 50
1 114 79 114 11
2 120 100 105 7
3 126 108 64 4
4 120 100 108 5
5 80 60 72 7
6 114 98 74 7
7 114 79 72 1
8 114 79 91 3
9 168 114 76 2
10 168 114 111 3
27
587 233 220
10 50
1 80 60 72 5
2 168 114 111 6
3 114 79 114 8
4 114 79 85 6
5 120 100 105 8
6 120 80 94 5
7 126 108 64 2
8 120 111 115 4
9 120 80 74 3
10 120 100 108 3
28
587 233 220
10 50
1 120 80 31 10
2 168 114 76 1
3 114 79 91 1
4 80 60 72 10
5 114 79 72 5
6 120 100 105 8
7 120 80 74 8
8 114 79 85 4
9 114 79 53 2
10 80 60 53 1
29
587 233 220
10 50
1 168 114 111 6
2 80 60 72 7
3 120 111 115 5
4 126 108 64 6
5 120 100 105 9
6 114 98 74 7
7 168 114 76 2
8 120 80 31 1
9 114 79 85 3
10 80 60 65 4
30
587 233 220
10 50
1 80 60 72 10
2 114 79 85 6
3 126 108 64 5
4 114 79 72 2
5 120 80 74 7
6 168 114 111 4
7 114 79 114 8
8 80 60 33 3
9 114 98 74 3
10 168 114 76 2
31
587 233 220
10 50
1 120 80 94 5
2 120 100 105 9
3 114 79 114 11
4 120 80 74 4
5 114 79 53 7
6 120 80 31 9
7 126 108 64 1
8 114 79 91 1
9 120 100 108 2
10 120 80 39 1
32
587 233 220
10 50
1 168 114 111 2
2 114 79 85 4
3 114 79 72 7
4 120 80 31 10
5 114 79 114 11
6 114 79 53 4
7 120 80 39 4
8 120 80 74 5
9 126 108 64 3
33
587 233 220
10 50
1 120 111 115 4
2 114 79 53 5
3 120 100 108 6
4 120 80 74 8
5 114 79 114 12
6 114 79 85 5
7 120 80 94 4
8 114 79 91 1
9 80 60 53 1
10 114 98 74 4
34
587 233 220
10 50
1 114 98 74 4
2 120 80 31 7
3 114 79 114 15
4 120 100 105 7
5 80 60 33 1
6 114 79 53 2
7 80 60 72 7
8 120 100 108 4
9 120 111 115 2
10 168 114 111 1
35
587 233 220
10 50
1 114 79 91 4
2 80 60 72 10
3 120 100 108 10
4 120 80 94 7
5 114 79 114 14
6 120 100 105 4
7 80 60 33 1
36
587 233 220
10 50
1 120 100 105 11
2 114 79 114 11
3 80 60 72 5
4 168 114 76 4
5 80 60 33 1
6 120 80 74 3
7 120 80 31 5
8 114 98 74 4
9 120 80 94 4
10 114 79 72 2
37
587 233 220
10 50
1 114 79 114 11
2 126 108 64 7
3 114 98 74 7
4 120 80 74 5
5 80 60 72 6
6 114 79 85 4
7 120 111 115 7
8 120 80 39 2
9 80 60 33 1
38
587 233 220
10 50
1 120 80 74 4
2 80 60 72 6
3 120 80 31 4
4 114 79 114 13
5 120 111 115 7
6 120 80 39 3
7 168 114 111 3
8 126 108 64 3
9 114 98 74 6
10 80 60 53 1
39
587 233 220
10 50
1 80 60 72 4
2 120 100 105 13
3 114 98 74 4
4 168 114 111 2
5 114 79 114 10
6 120 80 94 4
7 120 80 39 2
8 126 108 64 3
9 114 79 85 6
10 80 60 33 2
40
587 233 220
10 50
1 80 60 72 17
2 168 114 111 2
3 120 100 108 12
4 114 79 53 2
5 114 79 72 2
6 120 80 31 4
7 80 60 33 3
8 120 111 115 4
9 126 108 64 2
10 114 98 74 2
41
587 233 220
10 50
1 114 79 85 5
2 114 79 53 4
3 114 98 74 5
4 114 79 114 11
5 120 100 108 5
6 114 79 91 2
7 80 60 72 6
8 120 80 39 4
9 168 114 111 3
10 120 80 74 5
42
587 233 220
10 50
1 114 79 85 4
2 114 79 53 8
3 120 80 31 7
4 120 80 74 5
5 114 98 74 2
6 80 60 72 7
7 80 60 33 6
8 120 100 105 8
9 114 79 91 3
43
587 233 220
10 50
1 114 79 114 12
2 114 79 53 3
3 168 114 111 6
4 114 98 74 8
5 120 80 31 6
6 80 60 65 3
7 120 100 108 8
8 120 80 39 2
9 120 80 94 2
44
587 233 220
10 50
1 120 100 105 7
2 120 80 74 5
3 80 60 72 5
4 120 80 94 5
5 120 100 108 4
6 120 80 31 7
7 114 98 74 6
8 114 79 114 10
9 80 60 33 1
45
587 233 220
10 50
1 114 79 114 12
2 120 100 105 9
3 80 60 33 1
4 114 79 85 5
5 80 60 72 4
6 168 114 76 4
7 126 108 64 6
8 120 80 74 7
9 114 79 72 2
46
587 233 220
10 50
1 114 98 74 8
2 114 79 85 5
3 120 100 105 13
4 120 80 74 3
5 114 79 114 8
6 120 80 31 5
7 168 114 76 4
8 120 80 94 1
9 120 111 115 2
10 114 79 91 1
47
587 233 220
10 50
1 114 79 114 8
2 120 80 74 3
3 114 79 53 4
4 80 60 65 3
5 120 80 94 5
6 120 100 108 8
7 120 100 105 8
8 114 98 74 6
9 80 60 72 4
10 120 111 115 1
48
587 233 220
10 50
1 120 80 39 2
2 120 100 105 9
3 114 79 114 11
4 120 80 94 2
5 80 60 72 5
6 114 98 74 5
7 114 79 91 4
8 120 100 108 5
9 114 79 85 2
10 168 114 111 5
49
587 233 220
10 50
1 114 98 74 7
2 80 60 53 6
3 114 79 72 3
4 120 100 108 7
5 120 80 39 4
6 120 80 31 9
7 114 79 91 3
8 80 60 65 4
9 80 60 72 5
10 120 111 115 2
50
587 233 220
10 50
1 120 111 115 7
2 126 108 64 5
3 114 79 53 3
4 114 79 85 5
5 120 80 74 5
6 120 80 31 14
7 114 79 91 5
8 114 79 72 3
9 80 60 33 3
51
587 233 220
10 50
1 120 80 31 6
2 120 80 94 3
3 80 60 72 5
4 120 100 105 7
5 120 80 74 7
6 168 114 76 3
7 114 98 74 6
8 114 79 53 2
9 120 100 108 6
10 114 79 114 5
52
587 233 220
10 50
1 80 60 53 5
2 120 80 31 9
3 114 79 85 9
4 126 108 64 5
5 114 79 114 9
6 120 100 108 8
7 168 114 111 2
8 120 111 115 2
9 168 114 76 1
53
587 233 220
10 50
1 120 80 74 4
2 114 98 74 7
3 120 100 108 7
4 168 114 76 5
5 120 80 39 5
6 114 79 114 10
7 80 60 65 2
8 120 80 94 6
9 114 79 91 2
10 126 108 64 2
54
587 233 220
10 50
1 80 60 33 5
2 114 79 114 8
3 114 79 91 5
4 120 80 94 7
5 114 79 53 6
6 168 114 76 3
7 120 80 31 4
8 126 108 64 4
9 80 60 53 6
10 80 60 65 2
55
587 233 220
10 50
1 114 79 85 3
2 114 79 53 3
3 120 100 108 8
4 120 80 31 8
5 120 80 74 8
6 120 111 115 3
7 80 60 72 5
8 114 79 114 5
9 120 100 105 6
10 120 80 94 1
56
587 233 220
10 50
1 168 114 76 2
2 120 80 94 10
3 114 79 114 8
4 120 100 105 8
5 114 79 85 4
6 120 111 115 5
7 80 60 72 7
8 120 80 31 5
9 80 60 53 1
57
587 233 220
10 50
1 120 80 94 6
2 114 79 114 8
3 120 111 115 3
4 114 79 85 5
5 120 80 74 8
6 114 79 53 3
7 80 60 72 8
8 120 100 105 4
9 120 80 39 1
10 120 80 31 4
58
587 233 220
10 50
1 120 100 105 11
2 114 79 85 7
3 120 80 31 5
4 80 60 33 5
5 114 79 72 4
6 114 79 114 9
7 120 111 115 4
8 80 60 72 3
9 126 108 64 2
59
587 233 220
10 50
1 114 79 114 5
2 80 60 72 4
3 120 100 105 13
4 120 80 31 4
5 120 80 39 5
6 114 98 74 5
7 120 111 115 7
8 114 79 53 1
9 80 60 65 4
10 126 108 64 2
60
587 233 220
10 50
1 114 79 114 6
2 120 100 108 8
3 114 79 85 5
4 120 100 105 9
5 120 80 39 2
6 80 60 53 2
7 120 80 31 7
8 168 114 111 3
9 80 60 65 3
10 114 98 74 5
61
587 233 220
10 50
1 120 100 108 11
2 120 80 94 9
3 114 79 85 7
4 114 79 114 9
5 114 79 53 4
6 120 80 39 2
7 126 108 64 3
8 114 79 91 3
9 80 60 33 2
62
587 233 220
10 50
1 114 79 91 2
2 114 98 74 7
3 120 80 39 3
4 80 60 65 5
5 120 80 74 8
6 120 111 115 7
7 114 79 114 10
8 120 80 31 5
9 120 80 94 2
10 114 79 72 1
63
587 233 220
10 50
1 120 80 39 5
2 80 60 53 4
3 114 98 74 7
4 120 111 115 4
5 114 79 114 6
6 120 80 94 2
7 114 79 53 4
8 80 60 72 10
9 120 100 105 7
10 114 79 91 1
64
587 233 220
10 50
1 114 79 53 5
2 80 60 72 3
3 114 98 74 7
4 168 114 111 5
5 114 79 114 11
6 120 80 31 4
7 114 79 85 3
8 120 100 108 7
9 120 80 94 4
10 120 80 39 1
65
587 233 220
10 50
1 120 111 115 7
2 114 79 114 9
3 120 80 74 8
4 126 108 64 5
5 120 80 39 4
6 80 60 72 4
7 120 80 31 7
8 80 60 33 3
9 80 60 65 2
10 168 114 111 1
66
587 233 220
10 50
1 80 60 65 3
2 120 100 108 7
3 80 60 33 2
4 114 79 114 13
5 120 80 31 7
6 120 80 74 6
7 120 80 94 3
8 80 60 72 3
9 80 60 53 3
10 120 111 115 3
67
587 233 220
10 50
1 114 79 85 7
2 120 100 108 6
3 114 79 91 6
4 114 79 114 10
5 120 100 105 8
6 114 79 72 4
7 114 79 53 2
8 120 80 31 4
9 120 80 74 3
68
587 233 220
10 50
1 114 98 74 4
2 168 114 76 3
3 120 80 31 5
4 120 80 39 5
5 120 80 94 7
6 114 79 114 7
7 80 60 72 6
8 80 60 53 2
9 120 100 105 8
10 80 60 33 3
69
587 233 220
10 50
1 120 111 115 5
2 120 80 39 2
3 120 100 105 13
4 114 79 114 8
5 168 114 76 2
6 80 60 72 9
7 120 80 74 5
8 114 98 74 3
9 120 80 94 2
10 80 60 33 1
70
587 233 220
10 50
1 120 80 94 3
2 120 100 105 6
3 120 80 39 5
4 114 79 114 7
5 114 79 85 3
6 120 80 31 10
7 114 98 74 5
8 120 100 108 5
9 114 79 91 4
10 120 111 115 2
71
587 233 220
10 50
1 120 100 105 10
2 168 114 111 4
3 120 80 31 5
4 80 60 72 10
5 120 80 94 5
6 114 79 53 4
7 120 100 108 4
8 114 79 91 2
9 120 111 115 3
10 120 80 39 3
72
587 233 220
10 50
1 168 114 111 3
2 80 60 65 3
3 80 60 33 2
4 120 100 105 5
5 80 60 72 12
6 114 79 114 9
7 114 79 85 6
8 120 111 115 5
9 126 108 64 2
10 80 60 53 3
73
587 233 220
10 50
1 114 79 114 11
2 120 111 115 5
3 120 100 108 6
4 120 80 39 4
5 168 114 76 6
6 114 79 85 6
7 80 60 53 5
8 114 79 91 3
9 120 80 94 2
10 126 108 64 2
74
587 233 220
10 50
1 120 80 31 8
2 114 79 53 4
3 120 100 108 7
4 80 60 72 5
5 120 80 74 8
6 114 79 114 7
7 120 80 39 3
8 120 100 105 7
9 80 60 65 1
75
587 233 220
10 50
1 80 60 72 11
2 120 100 105 14
3 114 79 114 7
4 114 79 85 5
5 120 111 115 2
6 126 108 64 3
7 80 60 65 3
8 80 60 33 2
9 120 80 31 2
10 114 98 74 1
76
587 233 220
10 50
1 114 79 53 6
2 168 114 76 4
3 80 60 72 11
4 120 80 74 4
5 114 79 85 4
6 120 100 108 5
7 120 80 39 5
8 120 100 105 9
9 114 79 114 2
77
587 233 220
10 50
1 120 80 31 2
2 114 79 85 7
3 120 80 94 3
4 114 79 114 12
5 80 60 53 7
6 120 80 74 5
7 120 100 108 3
8 114 98 74 7
9 168 114 111 1
10 120 100 105 3
78
587 233 220
10 50
1 120 100 105 8
2 114 79 85 3
3 120 80 39 5
4 114 98 74 6
5 168 114 111 3
6 80 60 65 5
7 80 60 72 9
8 80 60 33 5
9 126 108 64 4
10 80 60 53 2
79
587 233 220
10 50
1 80 60 72 10
2 120 80 39 7
3 120 80 94 3
4 114 79 114 4
5 120 80 31 4
6 120 111 115 2
7 120 100 105 9
8 120 80 74 5
9 114 98 74 5
10 114 79 91 1
80
587 233 220
10 50
1 80 60 53 4
2 120 111 115 13
3 114 79 91 3
4 120 80 31 4
5 114 79 53 3
6 114 98 74 7
7 80 60 33 4
8 114 79 114 7
9 120 100 105 4
10 120 100 108 1
81
587 233 220
10 50
1 168 114 76 4
2 114 98 74 6
3 120 100 105 12
4 120 80 39 2
5 114 79 53 4
6 80 60 33 2
7 120 80 74 8
8 120 80 31 5
9 120 100 108 5
10 168 114 111 2
82
587 233 220
10 50
1 80 60 65 3
2 80 60 72 10
3 120 80 39 6
4 114 98 74 11
5 114 79 53 2
6 114 79 91 3
7 168 114 111 6
8 120 100 105 5
9 120 111 115 2
10 114 79 114 2
83
587 233 220
10 50
1 114 79 85 5
2 120 80 31 11
3 114 79 72 5
4 114 79 114 8
5 120 100 105 9
6 168 114 111 3
7 120 80 94 2
8 168 114 76 2
9 120 80 39 2
10 80 60 33 3
84
587 233 220
10 50
1 114 79 91 2
2 114 79 114 7
3 120 80 74 7
4 80 60 72 10
5 114 98 74 7
6 120 111 115 3
7 120 100 105 6
8 114 79 72 2
9 114 79 53 2
10 80 60 33 4
85
587 233 220
10 50
1 114 79 53 4
2 80 60 72 5
3 120 100 105 9
4 114 79 114 11
5 120 111 115 6
6 114 79 85 6
7 120 80 94 4
8 120 80 74 2
9 80 60 65 2
10 120 80 39 1
86
587 233 220
10 50
1 114 79 114 13
2 126 108 64 3
3 120 100 108 8
4 120 80 31 4
5 120 100 105 6
6 168 114 111 2
7 168 114 76 4
8 114 79 91 2
9 114 98 74 3
10 120 80 74 5
87
587 233 220
10 50
1 120 100 108 10
2 120 80 74 3
3 120 111 115 5
4 114 79 114 8
5 114 79 72 2
6 114 79 53 5
7 120 80 39 7
8 120 80 31 6
9 80 60 53 1
10 126 108 64 3
88
587 233 220
10 50
1 120 80 31 4
2 120 100 108 8
3 168 114 76 4
4 120 80 74 9
5 80 60 33 3
6 120 111 115 7
7 114 79 114 9
8 114 79 72 2
9 114 79 53 2
10 114 98 74 2
89
587 233 220
10 50
1 114 79 53 3
2 120 100 105 6
3 114 79 72 8
4 120 100 108 8
5 120 111 115 5
6 120 80 31 5
7 114 79 114 7
8 168 114 111 3
9 120 80 39 3
10 114 79 91 2
90
587 233 220
10 50
1 120 80 94 4
2 114 79 114 6
3 120 80 31 9
4 120 100 105 7
5 120 100 108 7
6 80 60 72 7
7 80 60 33 2
8 114 79 85 3
9 168 114 111 3
10 120 80 39 2
91
587 233 220
10 50
1 114 79 114 14
2 168 114 76 4
3 120 100 105 10
4 120 111 115 6
5 80 60 65 4
6 168 114 111 5
7 120 80 94 3
8 120 80 39 2
9 80 60 53 2
92
587 233 220
10 50
1 80 60 72 6
2 120 100 105 10
3 120 80 31 8
4 114 79 114 6
5 120 111 115 6
6 120 100 108 3
7 114 79 85 3
8 126 108 64 2
9 80 60 53 4
10 114 79 91 2
93
587 233 220
10 50
1 120 100 108 5
2 114 79 53 5
3 80 60 53 5
4 120 111 115 4
5 120 100 105 8
6 114 79 114 9
7 80 60 72 5
8 168 114 111 5
9 168 114 76 1
10 80 60 65 3
94
587 233 220
10 50
1 114 79 114 16
2 120 80 31 4
3 114 98 74 5
4 80 60 65 3
5 80 60 72 7
6 120 100 108 7
7 80 60 33 1
8 80 60 53 3
9 120 111 115 3
10 114 79 91 1
95
587 233 220
10 50
1 80 60 72 6
2 120 100 108 9
3 120 100 105 10
4 80 60 53 1
5 120 80 31 4
6 120 111 115 3
7 114 98 74 7
8 126 108 64 2
9 120 80 39 4
10 114 79 91 4
96
587 233 220
10 50
1 120 80 74 5
2 80 60 72 9
3 114 79 72 3
4 114 79 114 13
5 120 80 31 7
6 114 79 53 3
7 80 60 65 1
8 114 98 74 4
9 120 80 94 2
10 80 60 33 3
97
587 233 220
10 50
1 114 98 74 4
2 120 100 105 8
3 120 100 108 12
4 80 60 53 4
5 80 60 72 3
6 114 79 114 8
7 120 80 31 6
8 120 111 115 5
98
587 233 220
10 50
1 120 100 108 6
2 114 79 85 5
3 120 100 105 8
4 120 111 115 5
5 168 114 111 4
6 114 79 114 6
7 120 80 31 4
8 168 114 76 2
9 80 60 72 6
10 126 108 64 4
99
587 233 220
10 50
1 168 114 76 6
2 114 79 114 7
3 114 79 85 7
4 120 80 74 8
5 120 100 105 9
6 168 114 111 2
7 80 60 33 5
8 80 60 53 2
9 80 60 72 3
10 126 108 64 1
100
587 233 220
10 50
1 120 100 105 7
2 114 79 114 5
3 120 80 39 2
4 114 98 74 8
5 80 60 72 9
6 120 111 115 4
7 168 114 111 5
8 114 79 85 6
9 120 80 94 3
10 126 108 64 1
