100
1
587 233 220
15 100
1 80 60 53 4
2 114 79 72 5
3 120 80 31 8
4 168 114 111 4
5 114 79 85 7
6 168 114 76 5
7 114 79 91 4
8 80 60 72 10
9 80 60 65 8
10 120 100 105 21
11 120 80 74 8
12 120 80 94 5
13 80 60 33 2
14 120 111 115 5
15 120 80 39 4
2
587 233 220
15 100
1 126 108 64 2
2 114 79 72 5
3 114 79 85 7
4 80 60 53 7
5 120 100 108 14
6 114 79 114 21
7 120 100 105 10
8 114 98 74 11
9 120 111 115 4
10 120 80 94 4
11 168 114 111 3
12 120 80 31 4
13 80 60 65 3
14 80 60 72 4
15 168 114 76 1
3
587 233 220
15 100
1 120 100 105 8
2 80 60 72 13
3 120 80 31 14
4 114 79 114 16
5 114 79 85 9
6 120 80 74 5
7 80 60 65 5
8 120 100 108 6
9 114 98 74 5
10 120 111 115 2
11 80 60 33 5
12 168 114 76 5
13 114 79 53 1
14 120 80 94 5
15 80 60 53 1
4
587 233 220
15 100
1 114 79 114 16
2 114 79 85 7
3 120 100 108 7
4 120 100 105 14
5 120 80 39 8
6 120 80 31 9
7 120 80 74 8
8 114 98 74 7
9 120 80 94 8
10 168 114 111 1
11 126 108 64 2
12 114 79 91 7
13 80 60 53 3
14 80 60 33 2
15 80 60 65 1
5
587 233 220
15 100
1 114 79 85 9
2 114 79 114 10
3 120 80 31 7
4 126 108 64 5
5 80 60 33 5
6 80 60 72 12
7 114 98 74 8
8 80 60 53 5
9 120 80 39 4
10 120 100 105 10
11 168 114 76 4
12 120 80 94 8
13 120 80 74 4
14 120 100 108 7
15 114 79 91 2
6
587 233 220
15 100
1 120 100 105 15
2 120 100 108 10
3 114 79 85 4
4 120 80 94 3
5 114 79 72 4
6 168 114 76 5
7 120 80 74 6
8 80 60 65 2
9 120 80 31 8
10 80 60 33 8
11 114 79 114 12
12 126 108 64 5
13 80 60 72 10
14 120 80 39 5
15 80 60 53 3
7
587 233 220
15 100
1 80 60 33 3
2 114 79 85 4
3 114 79 114 20
4 120 111 115 9
5 120 80 39 7
6 114 79 53 1
7 126 108 64 4
8 120 80 94 6
9 120 80 31 7
10 168 114 76 4
11 80 60 65 4
12 120 100 105 16
13 114 98 74 5
14 114 79 72 5
15 120 100 108 5
8
587 233 220
15 100
1 120 100 105 17
2 120 100 108 5
3 126 108 64 3
4 80 60 33 4
5 120 80 31 10
6 120 111 115 4
7 114 79 53 6
8 168 114 111 7
9 80 60 72 8
10 80 60 65 4
11 114 98 74 6
12 80 60 53 6
13 120 80 94 9
14 120 80 39 3
15 114 79 114 8
9
587 233 220
15 100
1 80 60 53 4
2 80 60 65 7
3 120 80 39 10
4 120 100 108 9
5 120 80 94 4
6 80 60 72 7
7 120 80 74 6
8 120 80 31 15
9 120 111 115 7
10 168 114 111 2
11 120 100 105 8
12 114 79 72 6
13 114 79 114 5
14 114 79 85 5
15 168 114 76 5
10
587 233 220
15 100
1 80 60 65 3
2 114 98 74 7
3 120 80 94 7
4 120 100 105 15
5 80 60 72 9
6 80 60 53 7
7 114 79 114 17
8 120 100 108 7
9 114 79 91 3
10 120 80 31 7
11 120 80 74 7
12 80 60 33 6
13 114 79 72 2
14 120 80 39 3
11
587 233 220
15 100
1 114 79 53 9
2 80 60 65 5
3 114 79 72 4
4 120 80 31 4
5 168 114 111 5
6 120 100 105 14
7 120 80 39 6
8 114 79 114 15
9 120 80 94 10
10 120 80 74 8
11 120 100 108 6
12 126 108 64 2
13 80 60 53 3
14 120 111 115 7
15 168 114 76 2
12
587 233 220
15 100
1 80 60 72 7
2 120 80 31 9
3 168 114 111 7
4 114 79 85 8
5 120 100 108 9
6 80 60 33 7
7 114 79 91 4
8 114 98 74 6
9 80 60 53 2
10 120 80 94 8
11 120 100 105 12
12 80 60 65 3
13 114 79 114 12
14 120 80 39 3
15 120 80 74 3
13
587 233 220
15 100
1 120 80 31 8
2 120 100 108 17
3 120 100 105 11
4 120 80 74 10
5 80 60 33 5
6 114 79 114 10
7 80 60 72 8
8 168 114 76 3
9 114 79 85 7
10 114 79 53 4
11 80 60 65 4
12 114 79 72 3
13 114 98 74 7
14 120 111 115 3
14
587 233 220
15 100
1 114 79 53 5
2 120 80 31 9
3 114 79 72 4
4 114 79 85 5
5 120 80 39 5
6 120 111 115 9
7 120 80 74 6
8 80 60 72 12
9 120 100 105 10
10 120 80 94 12
11 120 100 108 11
12 168 114 76 4
13 168 114 111 1
14 80 60 65 2
15 80 60 33 5
15
587 233 220
15 100
1 120 100 108 11
2 114 79 85 9
3 120 80 39 5
4 120 100 105 8
5 114 79 114 12
6 120 80 31 8
7 80 60 72 12
8 120 80 94 10
9 114 79 91 3
10 80 60 53 4
11 120 111 115 5
12 80 60 65 1
13 120 80 74 5
14 114 79 53 4
15 168 114 111 3
16
587 233 220
15 100
1 120 111 115 7
2 114 79 114 16
3 120 80 39 8
4 120 100 105 19
5 120 100 108 8
6 120 80 74 3
7 80 60 72 11
8 80 60 33 5
9 168 114 111 7
10 80 60 53 2
11 114 79 53 3
12 126 108 64 4
13 114 79 91 2
14 114 98 74 4
15 80 60 65 1
17
587 233 220
15 100
1 168 114 111 6
2 120 100 108 10
3 120 80 94 7
4 80 60 33 6
5 168 114 76 5
6 120 100 105 14
7 80 60 72 9
8 120 80 31 10
9 114 79 91 5
10 114 79 114 7
11 114 79 85 6
12 126 108 64 3
13 114 79 53 8
14 114 98 74 2
15 80 60 65 2
18
587 233 220
15 100
1 80 60 53 8
2 120 100 105 11
3 80 60 65 3
4 120 111 115 8
5 168 114 111 4
6 120 80 39 5
7 114 98 74 8
8 120 100 108 12
9 114 79 114 11
10 114 79 53 6
11 80 60 33 5
12 114 79 91 7
13 168 114 76 4
14 80 60 72 5
15 120 80 31 3
19
587 233 220
15 100
1 114 79 114 14
2 120 100 105 15
3 120 80 94 6
4 80 60 65 4
5 80 60 72 10
6 114 79 72 7
7 114 79 53 8
8 168 114 111 6
9 114 98 74 5
10 120 100 108 5
11 120 80 74 7
12 120 111 115 5
13 114 79 85 4
14 114 79 91 2
15 80 60 33 2
20
587 233 220
15 100
1 80 60 65 6
2 114 79 114 14
3 80 60 53 6
4 168 114 111 9
5 126 108 64 4
6 80 60 72 8
7 120 100 105 13
8 120 80 31 9
9 114 98 74 7
10 168 114 76 3
11 120 80 74 4
12 120 80 39 6
13 114 79 91 3
14 114 79 85 5
15 80 60 33 3
21
587 233 220
15 100
1 120 80 74 8
2 120 100 105 12
3 80 60 72 11
4 114 79 114 14
5 114 79 72 3
6 120 80 31 12
7 120 100 108 7
8 80 60 53 3
9 120 80 39 8
10 114 79 85 5
11 126 108 64 4
12 114 79 91 3
13 80 60 65 3
14 120 80 94 4
15 80 60 33 3
22
587 233 220
15 100
1 114 79 72 5
2 120 100 108 9
3 126 108 64 5
4 120 80 94 5
5 168 114 111 7
6 120 80 31 7
7 114 79 114 14
8 120 80 74 5
9 120 100 105 8
10 114 98 74 5
11 120 80 39 8
12 80 60 53 4
13 80 60 72 8
14 114 79 91 7
15 168 114 76 3
23
587 233 220
15 100
1 120 111 115 9
2 80 60 72 12
3 120 80 74 6
4 114 79 114 15
5 120 100 105 7
6 120 100 108 10
7 120 80 31 5
8 168 114 76 2
9 114 79 72 6
10 114 98 74 10
11 120 80 94 5
12 120 80 39 5
13 114 79 91 3
14 126 108 64 3
15 80 60 33 2
24
587 233 220
15 100
1 114 79 114 12
2 120 80 94 7
3 120 111 115 4
4 168 114 111 6
5 120 80 39 7
6 80 60 65 3
7 114 79 85 6
8 120 100 108 7
9 120 100 105 10
10 120 80 31 10
11 80 60 72 16
12 120 80 74 4
13 114 98 74 4
14 114 79 53 2
15 80 60 53 2
25
587 233 220
15 100
1 114 79 114 16
2 120 100 108 8
3 80 60 33 5
4 114 98 74 6
5 120 80 94 5
6 80 60 72 9
7 120 80 74 6
8 114 79 85 7
9 120 80 31 9
10 120 111 115 10
11 120 100 105 8
12 114 79 53 3
13 80 60 65 5
14 120 80 39 3
26
587 233 220
15 100
1 168 114 76 3
2 120 100 108 10
3 126 108 64 3
4 80 60 53 6
5 114 79 114 16
6 80 60 72 4
7 120 80 31 5
8 120 100 105 12
9 114 79 72 4
10 120 80 74 8
11 120 111 115 5
12 114 79 85 7
13 114 98 74 9
14 168 114 111 6
15 120 80 94 2
27
587 233 220
15 100
1 80 60 33 2
2 120 100 108 7
3 114 98 74 7
4 120 100 105 13
5 120 80 31 13
6 120 80 39 5
7 120 80 74 12
8 80 60 65 5
9 114 79 91 4
10 80 60 72 14
11 126 108 64 3
12 168 114 76 2
13 114 79 85 6
14 168 114 111 4
15 114 79 72 3
28
587 233 220
15 100
1 80 60 72 11
2 120 80 74 10
3 120 100 105 12
4 80 60 33 2
5 114 79 114 12
6 120 80 31 7
7 120 80 94 5
8 120 100 108 10
9 114 79 91 3
10 168 114 111 4
11 126 108 64 7
12 120 111 115 8
13 168 114 76 3
14 114 98 74 5
15 80 60 53 1
29
587 233 220
15 100
1 120 80 31 8
2 80 60 65 5
3 168 114 76 3
4 114 79 114 8
5 120 100 105 14
6 120 100 108 7
7 114 79 85 12
8 120 80 74 14
9 168 114 111 4
10 114 79 72 5
11 120 80 94 3
12 80 60 53 5
13 114 98 74 7
14 114 79 53 2
15 126 108 64 3
30
587 233 220
15 100
1 120 80 94 7
2 80 60 72 10
3 120 80 74 10
4 114 79 114 7
5 114 79 85 3
6 120 80 31 13
7 168 114 111 5
8 114 79 53 8
9 114 98 74 3
10 120 80 39 6
11 80 60 65 2
12 120 100 105 10
13 120 111 115 4
14 120 100 108 10
15 126 108 64 2
31
587 233 220
15 100
1 114 79 114 17
2 120 100 105 12
3 120 100 108 12
4 114 79 53 4
5 120 111 115 2
6 80 60 72 9
7 120 80 94 11
8 120 80 39 3
9 114 79 91 2
10 114 98 74 7
11 120 80 31 7
12 120 80 74 7
13 80 60 65 4
14 80 60 33 3
32
587 233 220
15 100
1 120 111 115 4
2 120 80 94 8
3 120 80 74 10
4 126 108 64 3
5 120 80 31 9
6 120 100 105 13
7 114 79 114 12
8 80 60 72 9
9 120 100 108 7
10 80 60 53 7
11 120 80 39 4
12 114 79 85 4
13 114 79 72 4
14 114 98 74 3
15 80 60 33 3
33
587 233 220
15 100
1 120 80 31 8
2 114 79 114 7
3 120 100 105 15
4 168 114 111 8
5 80 60 53 3
6 120 80 74 9
7 120 100 108 11
8 126 108 64 2
9 114 79 53 8
10 114 79 72 3
11 80 60 72 5
12 114 79 85 7
13 120 80 39 5
14 120 80 94 4
15 120 111 115 5
34
587 233 220
15 100
1 120 80 94 11
2 114 79 85 10
3 80 60 72 4
4 120 80 31 7
5 114 79 114 16
6 126 108 64 4
7 168 114 76 7
8 120 100 105 14
9 168 114 111 4
10 114 79 91 1
11 120 100 108 10
12 80 60 53 5
13 80 60 65 6
14 120 80 39 1
35
587 233 220
15 100
1 114 79 114 12
2 120 100 105 14
3 120 100 108 11
4 120 80 94 6
5 80 60 53 8
6 80 60 72 6
7 120 80 39 5
8 120 80 31 8
9 168 114 111 5
10 120 80 74 8
11 120 111 115 3
12 114 98 74 4
13 114 79 72 4
14 80 60 33 3
15 126 108 64 3
36
587 233 220
15 100
1 80 60 72 11
2 120 100 105 8
3 126 108 64 2
4 168 114 76 6
5 120 80 74 8
6 114 79 114 9
7 80 60 33 5
8 120 80 39 6
9 114 98 74 8
10 120 111 115 4
11 120 100 108 10
12 114 79 72 4
13 120 80 31 12
14 120 80 94 3
15 80 60 65 4
37
587 233 220
15 100
1 168 114 76 7
2 120 111 115 8
3 120 80 74 5
4 120 100 105 10
5 114 79 53 8
6 120 80 39 4
7 120 100 108 7
8 114 79 114 10
9 120 80 94 9
10 114 98 74 8
11 80 60 53 7
12 114 79 85 9
13 114 79 72 1
14 126 108 64 2
15 80 60 72 5
38
587 233 220
15 100
1 114 79 91 3
2 114 79 114 12
3 120 80 39 9
4 114 79 53 9
5 120 80 31 10
6 80 60 72 11
7 120 100 105 3
8 80 60 33 6
9 120 80 74 14
10 120 100 108 9
11 114 79 72 2
12 120 111 115 7
13 80 60 53 2
14 120 80 94 2
15 114 79 85 1
39
587 233 220
15 100
1 114 79 114 12
2 120 111 115 10
3 114 79 85 6
4 120 80 31 11
5 114 79 53 4
6 120 100 105 5
7 126 108 64 7
8 120 80 39 5
9 80 60 72 11
10 114 98 74 1
11 114 79 72 6
12 120 100 108 7
13 114 79 91 6
14 168 114 76 6
15 120 80 74 3
40
587 233 220
15 100
1 126 108 64 3
2 120 100 108 11
3 168 114 111 4
4 114 79 114 14
5 114 98 74 10
6 120 80 94 5
7 114 79 72 7
8 80 60 72 9
9 120 100 105 11
10 168 114 76 6
11 120 80 31 3
12 120 80 74 8
13 80 60 65 3
14 114 79 91 4
15 80 60 53 2
41
587 233 220
15 100
1 114 79 85 4
2 120 80 31 15
3 80 60 53 8
4 114 79 91 6
5 120 80 94 4
6 114 79 114 11
7 80 60 33 5
8 114 98 74 14
9 120 80 74 7
10 114 79 53 2
11 168 114 111 3
12 126 108 64 3
13 80 60 72 12
14 114 79 72 4
15 120 111 115 2
42
587 233 220
15 100
1 168 114 111 6
2 114 79 114 16
3 114 98 74 8
4 114 79 85 5
5 80 60 72 11
6 80 60 65 5
7 114 79 72 4
8 120 100 105 12
9 114 79 91 3
10 120 80 94 3
11 168 114 76 5
12 114 79 53 5
13 120 111 115 5
14 120 80 74 9
15 80 60 53 3
43
587 233 220
15 100
1 168 114 111 6
2 120 80 94 9
3 114 79 114 13
4 114 79 53 5
5 114 79 91 2
6 120 80 39 4
7 120 80 31 11
8 120 100 108 10
9 120 100 105 9
10 114 79 85 9
11 80 60 33 2
12 80 60 72 8
13 120 111 115 7
14 80 60 65 3
15 114 79 72 2
44
587 233 220
15 100
1 168 114 76 6
2 126 108 64 5
3 80 60 65 4
4 120 111 115 7
5 120 80 74 8
6 120 100 105 12
7 114 79 114 6
8 120 80 94 5
9 120 100 108 4
10 120 80 31 11
11 114 98 74 6
12 114 79 85 9
13 80 60 72 13
14 80 60 33 4
45
587 233 220
15 100
1 120 100 108 13
2 80 60 72 15
3 120 100 105 12
4 126 108 64 2
5 80 60 53 7
6 114 79 85 7
7 120 80 94 7
8 114 98 74 4
9 80 60 33 6
10 120 111 115 6
11 114 79 91 3
12 120 80 31 10
13 114 79 53 5
14 114 79 72 1
15 80 60 65 2
46
587 233 220
15 100
1 120 100 108 9
2 114 79 53 4
3 120 80 31 12
4 114 79 85 7
5 168 114 111 5
6 80 60 72 11
7 114 79 114 13
8 114 98 74 4
9 120 80 74 7
10 120 80 94 4
11 114 79 72 3
12 120 80 39 5
13 120 100 105 7
14 168 114 76 5
15 80 60 65 4
47
587 233 220
15 100
1 120 80 74 10
2 120 111 115 3
3 120 80 31 7
4 114 79 85 6
5 120 80 94 10
6 80 60 72 9
7 120 100 105 11
8 120 100 108 10
9 168 114 111 7
10 114 79 72 3
11 114 79 53 4
12 114 79 114 11
13 80 60 65 5
14 120 80 39 4
48
587 233 220
15 100
1 80 60 65 4
2 120 100 105 12
3 120 111 115 3
4 114 79 91 4
5 120 80 39 3
6 120 80 31 10
7 114 79 85 7
8 114 79 53 7
9 80 60 72 15
10 114 79 72 3
11 114 98 74 9
12 120 80 74 6
13 168 114 76 2
14 120 100 108 6
15 80 60 33 9
49
587 233 220
15 100
1 120 80 31 16
2 168 114 76 3
3 114 79 85 6
4 120 80 74 11
5 120 100 108 8
6 120 100 105 10
7 120 80 39 7
8 114 98 74 7
9 120 111 115 5
10 80 60 72 8
11 114 79 114 11
12 80 60 33 2
13 120 80 94 1
14 80 60 65 1
15 168 114 111 4
50
587 233 220
15 100
1 120 100 108 8
2 114 79 114 10
3 120 80 94 6
4 114 79 85 8
5 114 79 72 4
6 80 60 72 13
7 80 60 53 3
8 120 80 31 5
9 168 114 76 6
10 126 108 64 4
11 114 79 53 8
12 120 80 74 6
13 168 114 111 4
14 120 100 105 13
15 80 60 33 2
51
587 233 220
15 100
1 114 79 85 10
2 120 80 39 7
3 120 100 108 7
4 80 60 72 10
5 120 111 115 7
6 114 98 74 11
7 120 100 105 14
8 168 114 76 4
9 120 80 94 1
10 114 79 53 6
11 80 60 33 4
12 126 108 64 5
13 120 80 74 13
14 80 60 53 1
52
587 233 220
15 100
1 120 80 31 5
2 120 100 105 12
3 114 79 85 6
4 120 80 74 13
5 114 79 91 6
6 120 100 108 6
7 114 79 114 10
8 80 60 72 8
9 120 80 39 4
10 120 80 94 4
11 114 79 72 8
12 114 98 74 5
13 168 114 76 7
14 120 111 115 6
53
587 233 220
15 100
1 114 79 53 10
2 120 111 115 5
3 120 80 74 5
4 168 114 76 7
5 120 80 31 7
6 114 79 85 9
7 80 60 72 10
8 126 108 64 4
9 114 79 114 16
10 80 60 33 3
11 114 98 74 5
12 120 80 94 5
13 80 60 65 5
14 120 80 39 3
15 114 79 72 6
54
587 233 220
15 100
1 126 108 64 3
2 168 114 111 5
3 80 60 72 12
4 168 114 76 5
5 114 79 85 6
6 114 79 114 9
7 120 100 105 14
8 114 79 91 5
9 120 80 31 12
10 114 79 53 4
11 80 60 33 5
12 120 80 39 6
13 120 100 108 6
14 114 79 72 3
15 114 98 74 5
55
587 233 220
15 100
1 114 79 53 5
2 120 80 31 6
3 80 60 65 4
4 114 98 74 7
5 120 100 108 12
6 114 79 114 19
7 168 114 76 5
8 168 114 111 9
9 126 108 64 3
10 120 100 105 6
11 80 60 72 7
12 120 80 74 5
13 80 60 33 4
14 120 80 94 4
15 120 111 115 4
56
587 233 220
15 100
1 80 60 72 17
2 114 79 53 8
3 120 100 108 11
4 114 79 85 7
5 114 79 114 10
6 120 100 105 11
7 120 111 115 4
8 168 114 76 6
9 114 79 91 4
10 126 108 64 4
11 80 60 65 4
12 80 60 33 3
13 120 80 74 7
14 120 80 94 2
15 80 60 53 2
57
587 233 220
15 100
1 120 111 115 8
2 80 60 72 11
3 120 80 31 10
4 114 79 85 9
5 120 80 94 6
6 114 98 74 8
7 126 108 64 2
8 120 100 105 12
9 114 79 114 10
10 120 100 108 9
11 168 114 76 5
12 80 60 33 3
13 114 79 72 2
14 120 80 74 3
15 120 80 39 2
58
587 233 220
15 100
1 114 79 85 7
2 120 100 105 14
3 120 80 74 7
4 114 79 91 3
5 120 100 108 7
6 120 80 39 7
7 114 79 114 17
8 114 98 74 9
9 120 80 31 9
10 80 60 72 6
11 120 111 115 5
12 168 114 76 3
13 80 60 33 3
14 168 114 111 2
15 80 60 65 1
59
587 233 220
15 100
1 120 80 39 9
2 80 60 72 7
3 120 100 105 10
4 120 80 31 8
5 114 79 91 4
6 120 100 108 15
7 80 60 65 4
8 80 60 53 3
9 120 80 74 5
10 114 79 114 13
11 114 98 74 4
12 120 111 115 6
13 126 108 64 3
14 168 114 76 6
15 114 79 53 3
60
587 233 220
15 100
1 114 79 114 20
2 168 114 111 6
3 80 60 72 6
4 114 98 74 8
5 120 100 108 6
6 114 79 91 4
7 120 80 74 14
8 80 60 65 4
9 120 100 105 11
10 168 114 76 4
11 120 80 39 4
12 114 79 72 3
13 120 80 31 6
14 120 80 94 4
61
587 233 220
15 100
1 120 100 105 9
2 120 111 115 6
3 120 100 108 15
4 126 108 64 5
5 120 80 74 6
6 80 60 72 11
7 114 79 114 7
8 120 80 94 2
9 120 80 31 10
10 114 98 74 7
11 168 114 76 4
12 114 79 72 3
13 114 79 85 8
14 80 60 33 3
15 114 79 53 4
62
587 233 220
15 100
1 120 80 31 11
2 114 79 85 6
3 120 100 105 7
4 114 79 53 7
5 80 60 72 9
6 80 60 53 5
7 120 80 74 13
8 168 114 76 7
9 120 100 108 8
10 114 79 91 6
11 120 80 94 2
12 120 111 115 6
13 168 114 111 6
14 120 80 39 4
15 80 60 65 3
63
587 233 220
15 100
1 114 98 74 7
2 120 80 74 8
3 80 60 72 15
4 120 100 105 17
5 114 79 53 5
6 80 60 53 1
7 80 60 33 3
8 168 114 76 8
9 120 80 31 6
10 114 79 114 10
11 120 80 94 7
12 120 100 108 6
13 114 79 85 4
14 114 79 72 3
64
587 233 220
15 100
1 114 79 53 6
2 114 79 72 8
3 120 80 31 7
4 114 79 114 13
5 80 60 72 5
6 114 98 74 7
7 168 114 76 8
8 120 100 108 5
9 120 111 115 5
10 120 80 74 7
11 80 60 65 6
12 120 100 105 8
13 114 79 85 3
14 126 108 64 4
15 168 114 111 8
65
587 233 220
15 100
1 120 100 105 9
2 114 79 114 13
3 114 79 53 7
4 80 60 72 12
5 120 111 115 8
6 168 114 76 3
7 114 98 74 3
8 114 79 85 7
9 80 60 33 8
10 126 108 64 5
11 120 100 108 7
12 120 80 74 8
13 80 60 65 3
14 168 114 111 3
15 80 60 53 4
66
587 233 220
15 100
1 114 79 53 7
2 120 80 74 6
3 114 98 74 7
4 120 100 108 11
5 114 79 91 6
6 114 79 114 9
7 168 114 111 9
8 114 79 72 2
9 114 79 85 12
10 120 80 94 4
11 120 100 105 10
12 168 114 76 5
13 80 60 72 7
14 80 60 65 4
15 120 111 115 1
67
587 233 220
15 100
1 120 100 108 9
2 80 60 72 11
3 114 79 91 5
4 114 98 74 7
5 120 111 115 3
6 114 79 72 4
7 80 60 53 4
8 120 80 74 7
9 120 80 31 5
10 120 100 105 14
11 114 79 53 8
12 114 79 114 8
13 126 108 64 4
14 168 114 111 6
15 80 60 33 5
68
587 233 220
15 100
1 120 100 108 8
2 114 79 91 3
3 120 100 105 14
4 114 79 85 10
5 80 60 72 15
6 120 80 74 7
7 120 111 115 5
8 114 79 114 11
9 120 80 39 6
10 114 79 53 7
11 126 108 64 6
12 80 60 33 3
13 80 60 53 2
14 80 60 65 1
15 114 98 74 2
69
587 233 220
15 100
1 168 114 111 4
2 114 79 53 2
3 120 80 39 7
4 114 79 72 7
5 80 60 33 5
6 80 60 72 8
7 114 79 114 13
8 120 100 108 10
9 120 100 105 13
10 114 79 91 5
11 114 79 85 4
12 114 98 74 8
13 120 80 74 8
14 80 60 53 5
15 80 60 65 1
70
587 233 220
15 100
1 120 100 105 15
2 168 114 76 3
3 120 100 108 8
4 120 80 31 12
5 114 79 114 14
6 114 98 74 6
7 114 79 85 11
8 114 79 53 4
9 80 60 72 9
10 80 60 53 2
11 114 79 72 3
12 120 80 74 4
13 114 79 91 3
14 80 60 65 4
15 120 80 39 2
71
587 233 220
15 100
1 120 100 105 17
2 114 79 114 17
3 120 80 74 3
4 120 111 115 5
5 120 100 108 7
6 120 80 39 6
7 120 80 31 7
8 114 79 53 6
9 120 80 94 5
10 80 60 53 5
11 126 108 64 4
12 114 98 74 7
13 114 79 91 6
14 168 114 111 2
15 114 79 72 3
72
587 233 220
15 100
1 80 60 33 6
2 168 114 76 2
3 80 60 72 15
4 114 79 114 13
5 114 79 53 9
6 120 80 94 15
7 120 80 31 6
8 114 79 72 3
9 114 98 74 6
10 120 80 74 4
11 120 100 105 7
12 114 79 91 3
13 120 100 108 6
14 80 60 65 3
15 80 60 53 2
73
587 233 220
15 100
1 120 100 105 17
2 120 80 39 6
3 114 79 91 4
4 120 111 115 4
5 114 79 114 10
6 80 60 72 14
7 120 100 108 8
8 114 79 85 5
9 120 80 74 2
10 114 98 74 10
11 126 108 64 3
12 120 80 31 13
13 80 60 33 2
14 80 60 53 1
15 80 60 65 1
74
587 233 220
15 100
1 126 108 64 3
2 120 80 94 6
3 114 79 85 9
4 120 111 115 4
5 120 80 31 9
6 120 100 105 6
7 114 79 114 14
8 168 114 76 6
9 114 79 53 8
10 120 80 74 7
11 80 60 65 2
12 80 60 72 10
13 120 80 39 1
14 80 60 33 5
15 114 98 74 10
75
587 233 220
15 100
1 120 100 105 12
2 114 79 85 6
3 80 60 72 15
4 114 98 74 9
5 114 79 91 1
6 80 60 33 2
7 120 80 74 6
8 80 60 65 5
9 120 80 31 8
10 120 100 108 10
11 168 114 76 2
12 114 79 114 16
13 120 80 39 2
14 114 79 72 2
15 114 79 53 4
76
587 233 220
15 100
1 114 79 114 18
2 120 100 105 6
3 168 114 111 8
4 120 111 115 8
5 120 80 31 10
6 120 80 94 7
7 114 98 74 4
8 168 114 76 8
9 80 60 72 8
10 114 79 72 3
11 120 100 108 7
12 80 60 33 2
13 114 79 85 5
14 114 79 91 5
15 80 60 53 1
77
587 233 220
15 100
1 114 79 85 9
2 120 100 105 8
3 168 114 111 4
4 120 111 115 4
5 80 60 72 6
6 120 80 94 6
7 114 79 114 16
8 120 80 74 2
9 120 80 31 8
10 114 79 53 4
11 168 114 76 7
12 80 60 53 6
13 120 80 39 9
14 114 79 91 6
15 120 100 108 5
78
587 233 220
15 100
1 114 79 85 10
2 120 80 74 8
3 80 60 65 3
4 114 79 114 8
5 120 80 31 9
6 120 80 39 8
7 80 60 72 10
8 168 114 111 3
9 114 79 72 3
10 114 98 74 6
11 120 80 94 6
12 114 79 91 4
13 120 100 105 11
14 168 114 76 7
15 114 79 53 4
79
587 233 220
15 100
1 120 100 108 8
2 120 80 74 9
3 120 100 105 12
4 120 111 115 6
5 114 79 114 15
6 120 80 31 6
7 80 60 33 8
8 114 79 85 10
9 126 108 64 3
10 114 98 74 5
11 168 114 76 1
12 120 80 94 4
13 80 60 72 6
14 114 79 53 5
15 114 79 72 2
80
587 233 220
15 100
1 120 100 108 9
2 114 79 114 11
3 114 79 85 8
4 114 98 74 5
5 114 79 91 4
6 80 60 53 8
7 120 100 105 9
8 80 60 33 1
9 80 60 72 8
10 120 111 115 7
11 120 80 31 10
12 114 79 72 4
13 120 80 39 11
14 114 79 53 4
15 168 114 111 1
81
587 233 220
15 100
1 120 111 115 7
2 114 98 74 5
3 120 100 108 10
4 120 100 105 10
5 80 60 72 8
6 120 80 39 10
7 80 60 53 4
8 114 79 114 11
9 120 80 94 5
10 168 114 111 5
11 80 60 33 3
12 120 80 31 9
13 120 80 74 8
14 114 79 85 3
15 126 108 64 2
82
587 233 220
15 100
1 114 79 114 11
2 120 80 74 9
3 114 98 74 3
4 120 111 115 5
5 114 79 53 8
6 120 100 105 4
7 168 114 76 5
8 114 79 91 4
9 120 80 31 13
10 120 80 39 7
11 120 100 108 8
12 80 60 72 9
13 114 79 85 4
14 168 114 111 8
15 120 80 94 2
83
587 233 220
15 100
1 126 108 64 4
2 114 79 114 12
3 120 80 31 8
4 114 98 74 7
5 120 80 74 7
6 120 100 108 12
7 114 79 85 5
8 114 79 91 4
9 80 60 53 4
10 120 111 115 6
11 114 79 53 6
12 120 100 105 12
13 80 60 72 8
14 120 80 39 4
15 168 114 76 1
84
587 233 220
15 100
1 80 60 65 5
2 114 79 114 16
3 120 100 105 10
4 120 80 74 7
5 120 80 39 8
6 120 80 31 12
7 120 100 108 7
8 168 114 111 7
9 114 79 91 5
10 114 79 53 5
11 120 80 94 7
12 168 114 76 2
13 114 98 74 3
14 80 60 53 4
15 126 108 64 2
85
587 233 220
15 100
1 114 79 72 3
2 120 80 39 6
3 120 100 108 8
4 120 111 115 3
5 114 79 114 11
6 126 108 64 3
7 120 80 94 3
8 120 80 74 14
9 114 98 74 2
10 120 100 105 18
11 80 60 72 9
12 114 79 91 5
13 120 80 31 8
14 80 60 65 4
15 114 79 85 3
86
587 233 220
15 100
1 114 79 72 2
2 114 79 85 9
3 120 100 108 8
4 80 60 53 7
5 114 79 53 7
6 168 114 76 3
7 114 98 74 8
8 120 111 115 5
9 120 80 74 8
10 120 80 31 12
11 80 60 72 10
12 80 60 65 4
13 114 79 114 9
14 120 80 39 7
15 80 60 33 1
87
587 233 220
15 100
1 80 60 72 11
2 80 60 33 5
3 114 79 85 8
4 120 100 105 11
5 120 100 108 8
6 120 80 94 8
7 114 79 91 3
8 114 79 114 9
9 168 114 111 6
10 168 114 76 5
11 120 111 115 7
12 114 98 74 5
13 120 80 74 10
14 80 60 53 1
15 126 108 64 3
88
587 233 220
15 100
1 114 79 114 15
2 120 100 105 14
3 120 80 74 4
4 126 108 64 6
5 80 60 72 12
6 114 79 91 2
7 114 79 85 6
8 120 100 108 7
9 80 60 33 8
10 120 80 31 7
11 120 111 115 5
12 114 98 74 2
13 120 80 94 2
14 120 80 39 7
15 114 79 53 3
89
587 233 220
15 100
1 120 80 94 5
2 120 80 39 10
3 120 111 115 7
4 114 79 85 10
5 168 114 76 6
6 114 79 53 5
7 114 98 74 7
8 120 80 31 9
9 80 60 72 11
10 120 100 105 8
11 80 60 33 3
12 114 79 114 6
13 120 100 108 6
14 120 80 74 6
15 114 79 72 1
90
587 233 220
15 100
1 120 80 94 7
2 120 100 105 15
3 114 79 85 12
4 120 80 31 14
5 120 100 108 9
6 120 80 74 2
7 114 98 74 6
8 168 114 76 4
9 114 79 114 9
10 120 80 39 6
11 80 60 65 3
12 80 60 72 10
13 114 79 53 2
14 80 60 33 1
91
587 233 220
15 100
1 114 79 85 9
2 120 80 74 10
3 80 60 72 6
4 120 100 105 13
5 120 80 31 7
6 114 79 114 14
7 120 80 94 5
8 120 100 108 6
9 120 80 39 4
10 168 114 76 6
11 114 79 72 4
12 80 60 65 3
13 114 79 91 3
14 120 111 115 6
15 114 98 74 4
92
587 233 220
15 100
1 120 100 108 8
2 114 79 114 14
3 120 80 31 10
4 168 114 111 4
5 120 100 105 15
6 114 79 91 4
7 120 111 115 5
8 114 79 53 4
9 120 80 74 6
10 168 114 76 3
11 120 80 39 4
12 114 79 85 7
13 80 60 53 7
14 114 79 72 5
15 126 108 64 4
93
587 233 220
15 100
1 114 79 53 5
2 114 98 74 8
3 80 60 53 7
4 120 80 74 11
5 120 80 94 9
6 80 60 72 5
7 114 79 72 2
8 120 100 105 13
9 120 111 115 6
10 114 79 114 12
11 120 80 31 5
12 114 79 85 6
13 80 60 65 4
14 120 80 39 4
15 114 79 91 3
94
587 233 220
15 100
1 114 79 72 3
2 168 114 111 6
3 120 100 108 10
4 114 79 91 6
5 80 60 72 7
6 120 100 105 14
7 120 80 31 9
8 114 79 114 14
9 120 111 115 6
10 114 98 74 6
11 168 114 76 3
12 120 80 39 6
13 120 80 94 2
14 114 79 53 3
15 120 80 74 5
95
587 233 220
15 100
1 120 80 31 12
2 114 79 114 16
3 80 60 65 2
4 80 60 72 4
5 120 111 115 6
6 120 80 94 8
7 114 79 91 4
8 114 79 85 4
9 120 100 108 10
10 120 100 105 11
11 120 80 74 8
12 168 114 111 3
13 114 79 53 4
14 114 98 74 6
15 168 114 76 2
96
587 233 220
15 100
1 80 60 65 8
2 126 108 64 1
3 80 60 72 10
4 120 100 105 13
5 114 98 74 8
6 120 111 115 10
7 114 79 85 7
8 114 79 72 3
9 120 80 31 4
10 120 80 94 3
11 114 79 114 11
12 120 100 108 11
13 120 80 74 5
14 120 80 39 2
15 114 79 91 4
97
587 233 220
15 100
1 120 111 115 10
2 114 79 114 12
3 120 100 105 10
4 114 79 85 7
5 168 114 111 6
6 120 80 74 6
7 120 100 108 5
8 120 80 39 3
9 120 80 31 9
10 80 60 72 17
11 120 80 94 4
12 126 108 64 2
13 80 60 33 3
14 80 60 65 3
15 114 79 72 3
98
587 233 220
15 100
1 114 79 85 3
2 120 80 74 5
3 114 98 74 10
4 114 79 114 13
5 80 60 72 8
6 120 80 31 10
7 120 100 108 7
8 120 100 105 17
9 120 80 94 5
10 114 79 72 3
11 126 108 64 2
12 80 60 33 7
13 168 114 76 2
14 120 111 115 6
15 80 60 65 2
99
587 233 220
15 100
1 114 98 74 11
2 120 100 105 14
3 80 60 53 2
4 120 111 115 5
5 80 60 72 8
6 114 79 114 14
7 120 80 39 9
8 120 100 108 4
9 114 79 53 4
10 120 80 31 4
11 168 114 111 9
12 114 79 72 3
13 80 60 65 3
14 126 108 64 6
15 120 80 74 4
100
587 233 220
15 100
1 120 80 94 4
2 114 79 114 15
3 126 108 64 7
4 120 100 105 10
5 120 80 31 7
6 80 60 33 4
7 120 100 108 11
8 114 79 85 5
9 168 114 111 2
10 114 79 91 3
11 120 80 74 6
12 114 79 72 6
13 120 111 115 7
14 120 80 39 7
15 114 79 53 6
