100
1
587 233 220
12 200
1 168 114 111 9
2 114 79 114 30
3 80 60 33 14
4 120 80 39 12
5 120 80 94 12
6 120 80 74 16
7 120 100 105 33
8 120 100 108 22
9 80 60 72 26
10 120 111 115 16
11 114 79 91 4
12 126 108 64 6
2
587 233 220
12 200
1 120 80 39 10
2 114 79 72 8
3 80 60 65 8
4 114 79 53 20
5 114 79 114 39
6 114 98 74 21
7 120 100 105 33
8 120 100 108 13
9 168 114 111 14
10 120 80 31 16
11 80 60 33 9
12 80 60 53 9
3
587 233 220
12 200
1 120 100 108 22
2 114 79 85 18
3 120 80 94 17
4 120 80 31 22
5 120 100 105 37
6 168 114 111 8
7 120 111 115 15
8 126 108 64 8
9 80 60 33 16
10 114 79 91 7
11 120 80 74 15
12 120 80 39 15
4
587 233 220
12 200
1 114 79 85 15
2 168 114 111 12
3 120 100 105 28
4 120 80 31 18
5 120 80 94 17
6 120 80 74 31
7 114 79 114 30
8 80 60 72 14
9 80 60 33 9
10 120 111 115 10
11 80 60 53 7
12 114 79 91 9
5
587 233 220
12 200
1 114 79 114 31
2 80 60 53 9
3 114 79 85 28
4 114 79 53 14
5 120 100 108 26
6 120 80 74 20
7 80 60 72 20
8 120 80 31 17
9 126 108 64 10
10 80 60 33 9
11 168 114 76 4
12 80 60 65 12
6
587 233 220
12 200
1 120 100 105 31
2 120 80 39 13
3 120 100 108 25
4 114 79 114 31
5 80 60 65 9
6 120 80 94 11
7 80 60 33 14
8 80 60 53 12
9 120 80 74 12
10 114 79 53 12
11 114 79 85 22
12 168 114 76 8
7
587 233 220
12 200
1 120 100 105 31
2 168 114 111 9
3 120 80 94 17
4 80 60 53 13
5 114 79 53 11
6 120 80 31 21
7 114 79 114 32
8 80 60 65 7
9 80 60 72 32
10 120 100 108 11
11 120 80 39 9
12 114 79 91 7
8
587 233 220
12 200
1 114 98 74 16
2 120 80 31 18
3 114 79 114 27
4 80 60 72 20
5 120 100 108 17
6 126 108 64 9
7 120 100 105 29
8 120 111 115 19
9 120 80 39 9
10 168 114 111 16
11 120 80 94 15
12 114 79 91 5
9
587 233 220
12 200
1 80 60 72 23
2 120 80 39 14
3 168 114 111 12
4 120 100 105 37
5 120 80 74 17
6 114 79 114 21
7 120 100 108 30
8 114 98 74 11
9 80 60 65 10
10 114 79 85 12
11 80 60 33 9
12 126 108 64 4
10
587 233 220
12 200
1 114 79 114 37
2 80 60 72 22
3 80 60 53 11
4 114 98 74 19
5 114 79 91 11
6 114 79 85 25
7 120 80 31 20
8 120 80 94 4
9 120 100 108 15
10 126 108 64 4
11 120 100 105 22
12 168 114 76 10
11
587 233 220
12 200
1 114 79 72 9
2 114 79 114 31
3 120 100 105 28
4 120 100 108 29
5 114 79 85 19
6 114 98 74 12
7 120 80 31 15
8 120 111 115 19
9 80 60 72 16
10 168 114 76 7
11 120 80 39 10
12 114 79 91 5
12
587 233 220
12 200
1 120 100 105 28
2 114 98 74 17
3 114 79 91 13
4 168 114 76 7
5 120 80 31 22
6 120 80 74 21
7 114 79 114 29
8 120 111 115 13
9 80 60 33 12
10 120 80 94 7
11 80 60 72 27
12 80 60 53 4
13
587 233 220
12 200
1 120 100 105 32
2 168 114 111 8
3 120 80 31 11
4 114 79 53 11
5 80 60 72 32
6 114 79 114 28
7 120 80 74 19
8 126 108 64 11
9 120 111 115 16
10 120 80 94 12
11 114 98 74 12
12 120 80 39 8
14
587 233 220
12 200
1 80 60 72 25
2 114 79 114 27
3 114 98 74 15
4 120 100 105 32
5 168 114 76 13
6 80 60 53 10
7 120 111 115 22
8 80 60 65 10
9 120 80 94 11
10 120 80 31 15
11 120 80 74 9
12 126 108 64 11
15
587 233 220
12 200
1 120 80 31 23
2 120 100 108 27
3 80 60 53 5
4 168 114 76 11
5 120 100 105 28
6 120 80 74 12
7 114 79 114 39
8 114 79 53 9
9 80 60 33 6
10 80 60 72 21
11 168 114 111 8
12 114 79 91 11
16
587 233 220
12 200
1 120 80 39 8
2 80 60 72 29
3 114 79 114 27
4 114 98 74 11
5 120 80 94 12
6 120 80 74 21
7 120 100 105 23
8 120 80 31 15
9 80 60 53 14
10 120 100 108 19
11 114 79 53 15
12 120 111 115 6
17
587 233 220
12 200
1 120 111 115 16
2 120 80 74 20
3 114 79 114 25
4 168 114 111 14
5 120 100 108 19
6 80 60 72 19
7 120 100 105 32
8 168 114 76 9
9 120 80 31 16
10 114 79 53 13
11 114 79 72 9
12 120 80 94 8
18
587 233 220
12 200
1 114 79 114 25
2 126 108 64 11
3 120 80 31 18
4 114 98 74 21
5 120 100 105 30
6 120 111 115 19
7 114 79 72 13
8 114 79 53 14
9 80 60 33 6
10 120 80 74 19
11 168 114 76 13
12 120 80 94 11
19
587 233 220
12 200
1 80 60 72 24
2 120 100 105 35
3 120 100 108 17
4 114 79 85 16
5 120 80 39 10
6 114 79 53 20
7 114 79 114 29
8 80 60 33 15
9 168 114 76 7
10 80 60 65 6
11 120 111 115 8
12 120 80 94 13
20
587 233 220
12 200
1 120 100 108 25
2 120 100 105 30
3 114 79 53 12
4 114 79 85 8
5 120 80 31 20
6 168 114 111 14
7 114 79 114 24
8 114 98 74 17
9 114 79 91 9
10 126 108 64 5
11 80 60 72 23
12 120 80 74 13
21
587 233 220
12 200
1 120 80 31 25
2 114 79 114 34
3 80 60 72 22
4 120 100 108 16
5 120 80 39 15
6 120 80 94 18
7 114 79 85 10
8 80 60 65 13
9 114 79 53 13
10 168 114 111 12
11 120 111 115 10
12 114 79 91 12
22
587 233 220
12 200
1 80 60 72 29
2 114 79 53 14
3 80 60 53 5
4 114 98 74 23
5 126 108 64 10
6 80 60 65 14
7 114 79 114 32
8 114 79 85 15
9 80 60 33 17
10 120 100 108 19
11 120 80 39 14
12 120 80 94 8
23
587 233 220
12 200
1 120 80 39 18
2 120 100 105 26
3 114 79 53 16
4 80 60 72 22
5 168 114 111 14
6 114 79 114 26
7 114 98 74 10
8 168 114 76 12
9 80 60 65 12
10 120 80 31 20
11 120 80 74 14
12 120 100 108 10
24
587 233 220
12 200
1 120 100 105 29
2 120 80 74 12
3 120 100 108 17
4 120 111 115 17
5 114 79 85 15
6 120 80 39 10
7 114 79 53 12
8 80 60 72 26
9 114 98 74 18
10 126 108 64 6
11 114 79 114 32
12 80 60 33 6
25
587 233 220
12 200
1 114 79 72 13
2 80 60 53 9
3 168 114 111 11
4 120 80 39 14
5 120 100 105 44
6 114 79 53 21
7 120 111 115 15
8 80 60 65 16
9 120 80 94 15
10 120 80 74 19
11 80 60 33 10
12 114 79 91 13
26
587 233 220
12 200
1 120 80 94 11
2 168 114 76 13
3 120 80 31 18
4 114 79 114 25
5 120 80 74 15
6 168 114 111 6
7 114 98 74 16
8 120 100 105 30
9 114 79 91 14
10 114 79 72 12
11 80 60 72 28
12 114 79 53 12
27
587 233 220
12 200
1 168 114 76 9
2 120 80 94 12
3 114 79 91 5
4 120 100 105 37
5 114 98 74 13
6 120 80 31 20
7 120 100 108 14
8 114 79 114 30
9 120 80 39 6
10 80 60 72 23
11 114 79 85 15
12 114 79 53 16
28
587 233 220
12 200
1 114 79 85 21
2 80 60 72 18
3 114 79 53 10
4 120 80 74 11
5 114 79 114 33
6 120 100 108 17
7 120 80 31 19
8 120 100 105 29
9 114 98 74 13
10 168 114 111 12
11 114 79 91 8
12 80 60 65 9
29
587 233 220
12 200
1 120 80 74 17
2 114 79 53 7
3 114 79 114 38
4 80 60 72 25
5 120 80 94 20
6 120 100 105 28
7 120 100 108 21
8 80 60 65 8
9 120 111 115 11
10 120 80 31 12
11 114 79 85 9
12 80 60 53 4
30
587 233 220
12 200
1 120 80 94 15
2 114 98 74 18
3 120 111 115 16
4 80 60 53 9
5 120 80 74 17
6 114 79 114 26
7 80 60 65 11
8 120 100 105 22
9 120 80 31 24
10 114 79 72 9
11 80 60 72 22
12 120 80 39 11
31
587 233 220
12 200
1 114 98 74 11
2 114 79 72 12
3 80 60 72 36
4 120 100 105 39
5 120 80 74 13
6 120 100 108 25
7 80 60 33 9
8 114 79 53 13
9 120 111 115 15
10 168 114 76 8
11 114 79 85 10
12 80 60 65 9
32
587 233 220
12 200
1 120 80 39 10
2 120 80 31 22
3 114 79 114 35
4 120 100 108 19
5 120 111 115 14
6 114 98 74 15
7 114 79 91 11
8 120 100 105 28
9 80 60 33 8
10 120 80 94 12
11 168 114 111 11
12 80 60 65 15
33
587 233 220
12 200
1 114 79 53 8
2 80 60 72 18
3 80 60 53 14
4 120 100 105 22
5 120 100 108 30
6 120 80 74 17
7 114 98 74 12
8 120 80 39 12
9 114 79 114 32
10 114 79 72 12
11 120 80 31 14
12 114 79 91 9
34
587 233 220
12 200
1 120 80 74 22
2 114 79 91 9
3 114 79 85 12
4 114 79 114 29
5 120 80 31 22
6 114 79 53 13
7 120 100 105 21
8 80 60 72 24
9 114 79 72 4
10 120 100 108 20
11 120 80 94 11
12 114 98 74 13
35
587 233 220
12 200
1 120 80 94 19
2 120 80 74 21
3 168 114 76 8
4 120 100 108 23
5 80 60 53 12
6 114 79 53 15
7 120 80 31 25
8 114 79 85 12
9 114 98 74 24
10 80 60 33 9
11 114 79 91 11
12 120 100 105 21
36
587 233 220
12 200
1 168 114 111 12
2 120 100 105 26
3 120 100 108 27
4 120 80 94 13
5 120 111 115 22
6 114 98 74 12
7 114 79 114 31
8 80 60 53 6
9 114 79 91 7
10 120 80 31 21
11 80 60 33 10
12 114 79 72 13
37
587 233 220
12 200
1 120 80 94 14
2 114 79 72 14
3 114 79 114 35
4 80 60 72 22
5 114 79 85 23
6 168 114 111 8
7 120 80 31 20
8 120 80 39 13
9 120 100 105 24
10 114 79 91 4
11 126 108 64 9
12 168 114 76 14
38
587 233 220
12 200
1 120 100 108 21
2 114 79 85 8
3 120 80 39 10
4 120 80 31 28
5 114 79 114 31
6 80 60 72 23
7 114 79 72 13
8 80 60 65 5
9 114 79 53 12
10 120 100 105 26
11 120 80 94 14
12 120 111 115 9
39
587 233 220
12 200
1 120 80 94 16
2 114 79 53 16
3 120 111 115 17
4 80 60 72 19
5 120 100 105 21
6 114 79 114 23
7 120 80 31 28
8 126 108 64 11
9 80 60 33 8
10 120 80 74 9
11 120 80 39 12
12 114 79 85 20
40
587 233 220
12 200
1 120 111 115 16
2 80 60 72 35
3 120 80 39 17
4 126 108 64 4
5 114 79 85 23
6 80 60 53 7
7 168 114 76 16
8 114 79 53 12
9 120 80 74 15
10 120 80 31 21
11 114 79 114 27
12 168 114 111 7
41
587 233 220
12 200
1 120 80 39 20
2 120 100 105 24
3 114 79 85 21
4 114 79 114 29
5 120 100 108 19
6 114 98 74 15
7 80 60 65 8
8 80 60 33 10
9 114 79 53 14
10 120 80 31 21
11 114 79 91 13
12 114 79 72 6
42
587 233 220
12 200
1 120 100 108 27
2 120 100 105 21
3 80 60 72 21
4 120 80 94 14
5 114 79 53 21
6 80 60 33 13
7 80 60 65 18
8 120 80 39 14
9 168 114 111 9
10 120 111 115 19
11 168 114 76 10
12 120 80 74 13
43
587 233 220
12 200
1 114 79 114 36
2 120 100 105 32
3 80 60 72 22
4 120 80 94 10
5 114 79 85 16
6 80 60 65 12
7 120 100 108 19
8 80 60 53 9
9 120 80 31 18
10 120 111 115 15
11 168 114 76 4
12 80 60 33 7
44
587 233 220
12 200
1 120 100 105 26
2 120 80 31 34
3 114 79 114 34
4 80 60 72 18
5 168 114 111 13
6 114 98 74 14
7 126 108 64 6
8 114 79 53 17
9 80 60 65 4
10 120 80 74 18
11 120 80 39 12
12 80 60 53 4
45
587 233 220
12 200
1 80 60 72 19
2 80 60 53 7
3 114 79 114 27
4 120 111 115 18
5 120 80 74 21
6 114 98 74 10
7 120 100 105 40
8 168 114 111 12
9 120 80 31 15
10 120 100 108 13
11 114 79 85 9
12 80 60 65 9
46
587 233 220
12 200
1 114 98 74 20
2 120 80 94 14
3 114 79 85 19
4 80 60 72 17
5 114 79 114 23
6 120 111 115 11
7 80 60 65 7
8 114 79 53 12
9 114 79 72 15
10 120 100 108 20
11 120 80 74 16
12 120 100 105 26
47
587 233 220
12 200
1 120 80 31 29
2 80 60 72 27
3 114 79 85 18
4 114 98 74 16
5 80 60 53 7
6 120 80 74 12
7 114 79 114 36
8 120 100 108 21
9 114 79 53 12
10 168 114 111 9
11 114 79 91 4
12 80 60 65 9
48
587 233 220
12 200
1 120 111 115 16
2 80 60 53 7
3 120 80 74 21
4 120 80 39 9
5 120 80 94 19
6 120 100 105 26
7 168 114 111 11
8 80 60 72 22
9 120 80 31 23
10 114 79 53 16
11 80 60 33 10
12 120 100 108 20
49
587 233 220
12 200
1 80 60 53 14
2 120 80 39 12
3 114 79 114 28
4 120 80 31 19
5 80 60 72 24
6 120 80 74 20
7 80 60 65 14
8 114 79 53 18
9 80 60 33 10
10 120 100 105 29
11 114 79 91 5
12 114 79 72 7
50
587 233 220
12 200
1 120 100 105 26
2 120 100 108 24
3 80 60 53 11
4 80 60 72 24
5 120 80 39 12
6 120 80 74 22
7 120 80 31 22
8 80 60 33 9
9 114 79 72 14
10 114 79 85 15
11 120 80 94 11
12 114 79 53 10
51
587 233 220
12 200
1 114 79 114 32
2 114 79 72 7
3 120 80 94 11
4 120 111 115 14
5 120 80 31 26
6 80 60 72 23
7 120 100 105 23
8 120 100 108 20
9 168 114 111 6
10 80 60 53 9
11 114 79 85 18
12 80 60 65 11
52
587 233 220
12 200
1 80 60 72 20
2 114 79 114 33
3 120 80 31 19
4 120 100 105 35
5 80 60 33 11
6 114 79 72 9
7 114 79 53 13
8 120 111 115 13
9 168 114 76 16
10 80 60 53 9
11 114 79 91 12
12 168 114 111 10
53
587 233 220
12 200
1 114 79 53 13
2 120 80 39 14
3 120 80 94 15
4 120 100 108 25
5 120 111 115 19
6 80 60 72 23
7 80 60 33 9
8 168 114 111 11
9 120 80 74 19
10 114 79 91 7
11 120 100 105 39
12 80 60 53 6
54
587 233 220
12 200
1 120 111 115 12
2 120 80 31 24
3 114 79 114 32
4 80 60 72 18
5 114 98 74 17
6 120 100 105 26
7 114 79 85 17
8 120 100 108 15
9 80 60 65 8
10 168 114 111 15
11 120 80 74 13
12 114 79 91 3
55
587 233 220
12 200
1 114 79 91 10
2 114 98 74 15
3 114 79 114 27
4 120 100 108 19
5 168 114 76 13
6 126 108 64 7
7 80 60 72 24
8 120 80 39 14
9 120 111 115 12
10 114 79 85 15
11 120 100 105 29
12 168 114 111 15
56
587 233 220
12 200
1 120 80 31 22
2 168 114 76 16
3 114 98 74 15
4 120 80 39 11
5 120 100 105 32
6 114 79 114 20
7 168 114 111 10
8 120 100 108 13
9 80 60 72 25
10 80 60 53 6
11 114 79 53 11
12 114 79 85 19
57
587 233 220
12 200
1 120 80 94 26
2 114 79 114 29
3 168 114 76 10
4 120 100 105 22
5 120 100 108 26
6 120 80 74 17
7 120 111 115 10
8 80 60 72 27
9 168 114 111 13
10 114 79 91 6
11 114 79 72 6
12 80 60 53 8
58
587 233 220
12 200
1 114 98 74 20
2 120 100 108 19
3 120 111 115 9
4 120 100 105 30
5 80 60 72 22
6 114 79 72 14
7 80 60 53 8
8 80 60 33 6
9 114 79 114 35
10 120 80 74 15
11 120 80 39 9
12 168 114 111 13
59
587 233 220
12 200
1 168 114 76 15
2 120 100 105 22
3 80 60 72 24
4 80 60 53 14
5 114 79 85 10
6 80 60 33 11
7 120 80 31 22
8 120 80 39 13
9 114 79 114 31
10 114 79 53 17
11 114 79 72 7
12 120 100 108 14
60
587 233 220
12 200
1 114 98 74 12
2 80 60 72 29
3 120 111 115 18
4 168 114 76 9
5 120 80 31 18
6 120 100 108 14
7 114 79 85 18
8 114 79 53 10
9 120 80 74 20
10 120 80 39 15
11 114 79 72 7
12 114 79 114 30
61
587 233 220
12 200
1 114 79 114 40
2 80 60 53 15
3 168 114 76 11
4 120 111 115 17
5 80 60 72 26
6 114 98 74 22
7 120 80 31 24
8 126 108 64 9
9 80 60 65 7
10 80 60 33 9
11 120 80 94 8
12 114 79 53 12
62
587 233 220
12 200
1 120 100 105 32
2 168 114 111 12
3 114 79 114 40
4 120 80 74 18
5 80 60 65 11
6 114 79 85 19
7 120 111 115 10
8 114 98 74 15
9 120 80 39 12
10 120 100 108 18
11 114 79 53 10
12 126 108 64 3
63
587 233 220
12 200
1 168 114 111 11
2 80 60 53 7
3 114 79 114 32
4 120 100 105 39
5 120 80 31 23
6 120 80 39 17
7 168 114 76 12
8 80 60 65 8
9 120 111 115 16
10 114 79 72 15
11 120 80 74 15
12 114 79 91 5
64
587 233 220
12 200
1 114 79 114 33
2 168 114 111 15
3 120 80 31 22
4 120 80 39 15
5 120 100 108 18
6 80 60 72 20
7 120 100 105 28
8 168 114 76 13
9 114 79 91 8
10 126 108 64 8
11 120 111 115 13
12 114 79 72 7
65
587 233 220
12 200
1 126 108 64 6
2 120 80 39 15
3 168 114 111 15
4 114 79 72 13
5 120 100 108 26
6 80 60 65 16
7 80 60 72 22
8 120 100 105 34
9 80 60 33 10
10 114 98 74 18
11 80 60 53 8
12 114 79 53 17
66
587 233 220
12 200
1 114 79 114 27
2 120 80 74 25
3 120 80 31 15
4 114 98 74 15
5 120 100 105 37
6 114 79 85 18
7 80 60 72 22
8 120 80 39 9
9 80 60 53 7
10 114 79 53 10
11 114 79 91 5
12 120 100 108 10
67
587 233 220
12 200
1 114 79 114 36
2 114 98 74 10
3 120 100 108 25
4 120 80 94 10
5 120 111 115 11
6 120 80 31 18
7 114 79 53 19
8 114 79 85 21
9 120 80 74 16
10 168 114 76 19
11 114 79 91 5
12 80 60 33 10
68
587 233 220
12 200
1 114 79 114 32
2 120 80 94 16
3 120 100 105 27
4 120 80 39 13
5 168 114 111 12
6 120 80 31 21
7 114 79 85 22
8 120 111 115 10
9 168 114 76 11
10 120 80 74 15
11 80 60 72 16
12 126 108 64 5
69
587 233 220
12 200
1 114 79 114 29
2 120 80 74 19
3 120 80 31 23
4 120 111 115 11
5 120 80 39 19
6 80 60 72 20
7 120 100 108 20
8 168 114 76 15
9 114 79 85 15
10 168 114 111 14
11 114 79 53 8
12 114 79 91 7
70
587 233 220
12 200
1 80 60 72 19
2 114 79 53 22
3 114 79 85 14
4 120 100 105 24
5 120 111 115 13
6 114 79 91 7
7 120 100 108 21
8 114 79 114 35
9 126 108 64 7
10 80 60 33 6
11 114 98 74 19
12 120 80 94 13
71
587 233 220
12 200
1 120 100 105 26
2 114 79 114 30
3 120 100 108 16
4 120 80 31 19
5 120 80 94 20
6 80 60 53 10
7 80 60 72 22
8 80 60 65 3
9 168 114 111 8
10 114 79 85 20
11 114 98 74 19
12 120 80 39 7
72
587 233 220
12 200
1 80 60 72 24
2 120 80 74 12
3 120 100 105 23
4 168 114 111 13
5 120 100 108 24
6 114 98 74 18
7 114 79 53 17
8 114 79 114 25
9 120 80 31 18
10 120 111 115 10
11 114 79 85 11
12 80 60 53 5
73
587 233 220
12 200
1 80 60 65 7
2 120 80 74 19
3 80 60 53 10
4 114 79 114 44
5 80 60 72 26
6 114 98 74 20
7 120 80 94 13
8 126 108 64 6
9 120 100 105 25
10 114 79 72 8
11 80 60 33 13
12 114 79 91 9
74
587 233 220
12 200
1 120 80 39 11
2 80 60 53 8
3 120 80 94 14
4 120 100 105 38
5 120 80 31 26
6 114 79 72 12
7 120 100 108 27
8 120 111 115 16
9 168 114 111 15
10 114 79 53 9
11 114 79 91 11
12 120 80 74 13
75
587 233 220
12 200
1 120 111 115 16
2 120 80 74 18
3 80 60 33 7
4 114 79 53 10
5 114 79 114 30
6 120 100 105 33
7 168 114 76 8
8 114 79 91 13
9 120 80 31 20
10 114 98 74 18
11 80 60 65 7
12 120 100 108 20
76
587 233 220
12 200
1 114 79 114 39
2 120 100 108 19
3 120 80 39 17
4 114 79 72 5
5 120 80 74 21
6 80 60 72 12
7 80 60 65 13
8 120 100 105 33
9 120 80 94 12
10 114 79 85 9
11 80 60 53 13
12 80 60 33 7
77
587 233 220
12 200
1 114 79 114 32
2 120 80 74 18
3 120 100 105 22
4 80 60 65 5
5 80 60 53 9
6 114 98 74 23
7 126 108 64 11
8 80 60 72 21
9 120 80 39 11
10 120 80 31 23
11 120 100 108 19
12 80 60 33 6
78
587 233 220
12 200
1 114 79 85 21
2 114 79 114 37
3 120 80 31 24
4 80 60 72 17
5 120 100 108 17
6 126 108 64 11
7 120 100 105 23
8 114 79 72 8
9 80 60 65 8
10 120 111 115 13
11 168 114 76 11
12 80 60 53 10
79
587 233 220
12 200
1 120 80 31 22
2 114 79 114 28
3 80 60 72 32
4 120 100 105 31
5 80 60 33 11
6 120 100 108 21
7 120 80 94 10
8 80 60 53 13
9 168 114 76 14
10 120 80 39 8
11 114 79 72 5
12 114 79 91 5
80
587 233 220
12 200
1 80 60 33 9
2 114 79 114 35
3 120 111 115 11
4 120 80 31 19
5 80 60 53 5
6 80 60 72 25
7 120 80 39 18
8 114 79 72 11
9 120 100 105 18
10 114 98 74 10
11 114 79 85 14
12 120 100 108 25
81
587 233 220
12 200
1 80 60 72 25
2 114 79 85 18
3 120 100 105 35
4 120 80 31 16
5 120 100 108 24
6 114 98 74 12
7 114 79 114 23
8 126 108 64 6
9 120 80 39 9
10 80 60 65 10
11 120 111 115 12
12 168 114 111 10
82
587 233 220
12 200
1 120 100 108 28
2 114 98 74 17
3 168 114 111 14
4 120 80 39 13
5 126 108 64 11
6 120 80 94 14
7 80 60 72 16
8 114 79 85 23
9 168 114 76 9
10 114 79 114 31
11 80 60 33 13
12 80 60 65 11
83
587 233 220
12 200
1 114 79 114 29
2 80 60 72 22
3 120 80 31 22
4 120 100 108 26
5 114 98 74 13
6 80 60 33 12
7 168 114 111 14
8 114 79 53 16
9 120 80 74 16
10 168 114 76 14
11 80 60 65 5
12 120 80 39 11
84
587 233 220
12 200
1 120 100 105 25
2 80 60 72 27
3 114 79 53 12
4 114 79 114 34
5 120 80 94 9
6 120 80 74 14
7 114 98 74 17
8 126 108 64 11
9 114 79 72 17
10 114 79 85 11
11 80 60 65 13
12 80 60 53 10
85
587 233 220
12 200
1 120 111 115 14
2 114 79 85 23
3 114 79 114 42
4 168 114 111 15
5 120 100 105 30
6 120 100 108 18
7 114 79 53 15
8 114 98 74 12
9 114 79 72 6
10 114 79 91 10
11 80 60 65 11
12 126 108 64 4
86
587 233 220
12 200
1 120 100 105 32
2 120 80 31 10
3 80 60 65 15
4 120 80 74 22
5 114 79 114 39
6 114 79 91 8
7 80 60 53 11
8 120 80 39 17
9 120 111 115 18
10 114 79 53 11
11 114 98 74 7
12 80 60 33 10
87
587 233 220
12 200
1 80 60 33 7
2 120 100 108 25
3 120 80 94 17
4 80 60 72 27
5 114 79 114 32
6 114 79 85 16
7 120 80 31 25
8 168 114 76 11
9 114 79 72 9
10 114 79 53 13
11 120 80 39 10
12 120 80 74 8
88
587 233 220
12 200
1 114 79 72 11
2 120 100 108 19
3 114 98 74 15
4 114 79 114 31
5 114 79 91 5
6 80 60 72 23
7 80 60 53 13
8 120 100 105 32
9 114 79 53 14
10 120 80 74 20
11 126 108 64 10
12 168 114 111 7
89
587 233 220
12 200
1 114 79 114 30
2 80 60 72 33
3 120 80 31 15
4 120 111 115 15
5 114 98 74 9
6 120 80 94 16
7 120 80 74 16
8 114 79 91 6
9 126 108 64 14
10 114 79 72 10
11 120 100 105 28
12 80 60 53 8
90
587 233 220
12 200
1 114 79 91 10
2 114 79 85 10
3 80 60 72 29
4 114 98 74 18
5 120 100 108 25
6 120 80 31 14
7 114 79 114 23
8 120 80 39 17
9 120 80 94 12
10 120 80 74 16
11 120 100 105 19
12 80 60 65 7
91
587 233 220
12 200
1 114 79 114 34
2 120 80 39 13
3 114 98 74 15
4 168 114 111 17
5 120 80 74 18
6 120 100 108 29
7 80 60 72 26
8 80 60 33 13
9 114 79 53 16
10 126 108 64 6
11 120 111 115 6
12 80 60 65 7
92
587 233 220
12 200
1 80 60 72 23
2 120 80 74 15
3 168 114 111 15
4 120 80 39 19
5 114 79 114 40
6 114 79 53 12
7 80 60 65 10
8 80 60 53 10
9 114 79 91 6
10 114 79 85 24
11 114 79 72 11
12 80 60 33 15
93
587 233 220
12 200
1 168 114 111 13
2 120 100 105 27
3 114 79 85 16
4 80 60 53 12
5 120 80 31 24
6 114 79 91 7
7 114 79 114 28
8 114 79 72 8
9 120 111 115 14
10 80 60 72 29
11 120 80 74 16
12 80 60 65 6
94
587 233 220
12 200
1 114 98 74 20
2 80 60 72 22
3 120 111 115 16
4 120 80 94 13
5 114 79 85 18
6 168 114 111 15
7 120 80 74 19
8 120 80 39 12
9 114 79 114 37
10 120 80 31 18
11 80 60 65 6
12 114 79 91 4
95
587 233 220
12 200
1 120 100 105 24
2 120 80 39 12
3 114 79 91 13
4 114 79 114 29
5 168 114 111 11
6 80 60 72 26
7 114 79 85 17
8 80 60 65 4
9 80 60 33 13
10 120 80 31 18
11 114 79 53 17
12 120 80 74 16
96
587 233 220
12 200
1 114 79 114 29
2 80 60 72 15
3 120 100 105 33
4 126 108 64 10
5 120 111 115 12
6 114 79 72 8
7 120 80 74 21
8 120 80 31 17
9 168 114 111 8
10 120 100 108 24
11 114 79 85 18
12 168 114 76 5
97
587 233 220
12 200
1 120 100 108 29
2 120 100 105 31
3 80 60 72 17
4 80 60 53 8
5 114 79 114 28
6 80 60 33 7
7 114 79 85 19
8 114 79 91 7
9 120 80 31 27
10 114 98 74 7
11 120 111 115 14
12 120 80 39 6
98
587 233 220
12 200
1 126 108 64 12
2 120 80 94 13
3 120 80 74 23
4 80 60 72 24
5 80 60 33 15
6 114 79 114 39
7 114 79 53 13
8 80 60 65 13
9 80 60 53 15
10 120 80 31 18
11 168 114 111 9
12 114 79 72 6
99
587 233 220
12 200
1 120 80 39 12
2 114 79 114 28
3 120 100 105 19
4 80 60 53 10
5 120 80 31 19
6 120 80 74 14
7 114 98 74 14
8 114 79 85 16
9 120 100 108 19
10 80 60 72 29
11 168 114 111 12
12 114 79 53 8
100
587 233 220
12 200
1 80 60 72 33
2 120 100 105 33
3 114 79 53 8
4 114 79 114 32
5 80 60 65 12
6 80 60 53 11
7 120 111 115 15
8 114 79 91 10
9 120 100 108 24
10 80 60 33 9
11 126 108 64 9
12 120 80 94 4
