100
1
587 233 220
15 50
1 126 108 64 1
2 120 80 74 5
3 120 111 115 3
4 120 100 105 9
5 120 80 31 4
6 114 79 114 7
7 80 60 72 3
8 114 79 85 2
9 120 80 94 3
10 120 100 108 5
11 80 60 53 2
12 114 79 72 2
13 80 60 65 2
14 168 114 111 2
2
587 233 220
15 50
1 120 100 105 4
2 120 80 31 4
3 120 80 94 5
4 80 60 72 3
5 168 114 111 2
6 114 79 114 8
7 114 79 72 3
8 114 79 53 2
9 120 100 108 5
10 114 79 91 1
11 120 80 74 4
12 168 114 76 2
13 114 98 74 3
14 114 79 85 3
15 80 60 33 1
3
587 233 220
15 50
1 114 98 74 4
2 120 80 31 4
3 120 100 108 3
4 114 79 85 3
5 114 79 114 7
6 120 80 74 5
7 114 79 72 4
8 168 114 76 2
9 120 111 115 1
10 80 60 72 8
11 120 100 105 5
12 120 80 94 4
4
587 233 220
15 50
1 120 100 105 8
2 120 100 108 5
3 80 60 53 4
4 114 98 74 2
5 168 114 111 2
6 120 80 39 2
7 80 60 33 3
8 80 60 72 6
9 114 79 53 3
10 120 80 31 3
11 120 80 94 1
12 114 79 114 6
13 120 111 115 1
14 126 108 64 2
15 114 79 85 2
5
587 233 220
15 50
1 114 79 85 6
2 114 79 114 10
3 120 80 39 4
4 120 80 31 5
5 80 60 72 6
6 120 100 108 2
7 120 100 105 3
8 80 60 65 4
9 114 79 72 3
10 120 80 94 3
11 120 80 74 2
12 120 111 115 1
13 168 114 111 1
6
587 233 220
15 50
1 114 98 74 6
2 114 79 114 8
3 114 79 85 3
4 120 80 94 5
5 80 60 72 5
6 120 100 105 7
7 80 60 65 3
8 120 80 39 3
9 120 80 74 3
10 168 114 111 1
11 114 79 53 3
12 120 111 115 3
7
587 233 220
15 50
1 120 80 31 5
2 114 79 114 11
3 120 80 39 5
4 120 80 94 3
5 168 114 76 1
6 114 98 74 3
7 120 80 74 3
8 80 60 72 2
9 114 79 72 4
10 120 111 115 5
11 114 79 85 4
12 168 114 111 3
13 114 79 53 1
8
587 233 220
15 50
1 120 80 31 5
2 120 100 105 6
3 126 108 64 3
4 114 98 74 3
5 120 100 108 5
6 114 79 91 5
7 114 79 72 2
8 120 80 94 2
9 168 114 111 3
10 80 60 33 4
11 80 60 72 5
12 120 80 39 2
13 114 79 85 4
14 120 80 74 1
9
587 233 220
15 50
1 114 79 85 6
2 114 79 72 3
3 120 100 105 6
4 80 60 33 2
5 120 80 31 3
6 168 114 111 2
7 114 79 53 2
8 120 100 108 7
9 120 80 74 3
10 114 79 114 4
11 80 60 72 5
12 126 108 64 1
13 120 80 94 5
14 114 98 74 1
10
587 233 220
15 50
1 168 114 111 4
2 120 80 74 3
3 120 80 39 4
4 114 79 53 2
5 114 79 91 2
6 114 98 74 3
7 80 60 33 2
8 80 60 72 9
9 114 79 114 5
10 120 100 108 3
11 120 80 31 4
12 126 108 64 1
13 120 80 94 3
14 114 79 85 3
15 168 114 76 2
11
587 233 220
15 50
1 114 79 114 5
2 80 60 72 7
3 120 80 94 4
4 114 79 53 2
5 120 80 31 4
6 168 114 111 2
7 120 100 105 6
8 114 79 85 4
9 120 111 115 4
10 114 98 74 8
11 120 100 108 2
12 120 80 39 2
12
587 233 220
15 50
1 120 111 115 5
2 120 80 74 2
3 120 100 105 5
4 120 80 31 6
5 120 100 108 3
6 80 60 72 4
7 120 80 39 4
8 114 79 85 5
9 80 60 33 2
10 114 79 114 2
11 114 98 74 3
12 120 80 94 5
13 114 79 91 1
14 114 79 72 3
13
587 233 220
15 50
1 114 79 85 4
2 114 79 72 2
3 120 100 105 7
4 120 100 108 7
5 114 79 114 8
6 80 60 72 3
7 168 114 76 5
8 114 79 91 3
9 120 111 115 4
10 168 114 111 3
11 80 60 65 1
12 114 79 53 1
13 80 60 33 2
14
587 233 220
15 50
1 120 100 108 2
2 120 80 74 5
3 114 79 114 7
4 120 80 31 7
5 114 98 74 4
6 114 79 85 2
7 80 60 72 7
8 80 60 33 1
9 114 79 53 2
10 120 100 105 3
11 120 80 39 2
12 120 111 115 1
13 126 108 64 1
14 168 114 111 5
15 80 60 65 1
15
587 233 220
15 50
1 168 114 111 1
2 120 100 105 8
3 114 79 72 2
4 114 79 85 5
5 120 80 31 7
6 114 79 53 2
7 120 80 74 4
8 120 80 94 3
9 114 98 74 3
10 114 79 91 5
11 120 100 108 3
12 80 60 72 2
13 168 114 76 3
14 120 111 115 2
16
587 233 220
15 50
1 120 100 108 3
2 114 79 72 3
3 168 114 111 3
4 114 79 85 3
5 120 100 105 9
6 120 80 74 5
7 120 80 31 3
8 120 80 39 2
9 120 80 94 2
10 114 79 114 11
11 80 60 72 4
12 114 79 53 2
17
587 233 220
15 50
1 120 100 105 10
2 168 114 76 1
3 114 79 85 3
4 120 100 108 5
5 120 80 74 2
6 120 111 115 3
7 80 60 72 5
8 120 80 31 5
9 120 80 94 2
10 80 60 33 1
11 80 60 53 3
12 114 79 72 1
13 114 79 114 7
14 114 79 53 1
15 120 80 39 1
18
587 233 220
15 50
1 114 98 74 5
2 80 60 65 2
3 168 114 76 5
4 114 79 114 7
5 80 60 72 4
6 120 111 115 2
7 120 100 105 7
8 114 79 85 2
9 120 80 74 4
10 120 100 108 3
11 80 60 33 1
12 80 60 53 2
13 120 80 39 3
14 120 80 94 3
19
587 233 220
15 50
1 114 79 114 4
2 120 100 105 6
3 120 80 31 5
4 120 100 108 7
5 114 79 53 2
6 114 79 91 2
7 114 79 85 4
8 80 60 53 3
9 168 114 111 2
10 120 80 74 2
11 114 98 74 7
12 168 114 76 3
13 126 108 64 1
14 80 60 72 2
20
587 233 220
15 50
1 114 79 114 6
2 120 100 105 7
3 114 98 74 4
4 120 80 74 4
5 168 114 111 7
6 120 80 94 4
7 120 100 108 3
8 120 111 115 2
9 114 79 53 4
10 80 60 72 5
11 80 60 65 1
12 120 80 31 3
21
587 233 220
15 50
1 120 80 94 5
2 114 79 72 2
3 120 100 105 9
4 80 60 72 5
5 80 60 53 4
6 168 114 76 4
7 114 98 74 2
8 114 79 53 2
9 114 79 85 2
10 114 79 114 5
11 120 111 115 5
12 120 80 74 3
13 80 60 33 2
22
587 233 220
15 50
1 120 80 74 2
2 120 100 108 6
3 80 60 72 6
4 120 100 105 8
5 114 79 53 3
6 114 79 72 3
7 114 98 74 6
8 80 60 33 1
9 120 80 31 2
10 114 79 114 5
11 120 80 94 1
12 120 80 39 2
13 114 79 85 3
14 120 111 115 1
15 168 114 76 1
23
587 233 220
15 50
1 114 79 85 6
2 80 60 33 2
3 120 111 115 7
4 114 79 91 1
5 114 98 74 2
6 114 79 114 7
7 120 80 74 3
8 120 100 105 6
9 114 79 53 4
10 126 108 64 1
11 120 80 94 2
12 114 79 72 3
13 168 114 76 2
14 168 114 111 3
15 120 80 31 1
24
587 233 220
15 50
1 114 98 74 2
2 114 79 114 6
3 114 79 53 3
4 126 108 64 1
5 120 100 108 3
6 114 79 85 5
7 120 80 94 2
8 120 80 31 6
9 114 79 72 2
10 120 100 105 9
11 80 60 65 1
12 168 114 76 5
13 80 60 72 2
14 120 80 74 2
15 168 114 111 1
25
587 233 220
15 50
1 120 111 115 5
2 120 80 74 6
3 114 98 74 3
4 126 108 64 3
5 120 80 94 5
6 120 100 105 2
7 120 100 108 2
8 80 60 33 4
9 114 79 114 9
10 120 80 31 4
11 80 60 72 4
12 114 79 91 1
13 114 79 72 1
14 114 79 85 1
26
587 233 220
15 50
1 120 100 105 6
2 114 79 91 2
3 114 79 114 7
4 114 79 72 4
5 80 60 72 6
6 114 79 85 3
7 80 60 53 3
8 120 111 115 4
9 120 100 108 3
10 120 80 39 2
11 114 98 74 5
12 120 80 31 2
13 114 79 53 2
14 126 108 64 1
27
587 233 220
15 50
1 120 80 31 5
2 120 100 108 3
3 168 114 111 6
4 126 108 64 4
5 114 79 53 6
6 114 79 114 4
7 80 60 65 4
8 120 100 105 7
9 120 80 74 3
10 114 79 72 1
11 120 80 39 4
12 114 79 85 1
13 120 111 115 1
14 114 79 91 1
28
587 233 220
15 50
1 120 111 115 4
2 120 100 105 7
3 120 80 74 1
4 168 114 111 6
5 114 79 53 3
6 114 98 74 2
7 120 80 31 4
8 168 114 76 1
9 114 79 114 4
10 114 79 85 3
11 80 60 33 4
12 80 60 72 5
13 120 100 108 3
14 120 80 39 1
15 120 80 94 2
29
587 233 220
15 50
1 120 100 105 6
2 114 79 114 2
3 80 60 53 3
4 114 79 85 5
5 120 100 108 7
6 114 98 74 3
7 120 80 39 1
8 80 60 72 4
9 120 111 115 4
10 120 80 31 3
11 168 114 111 3
12 80 60 33 1
13 120 80 74 7
14 126 108 64 1
30
587 233 220
15 50
1 120 80 74 3
2 120 100 105 5
3 120 80 31 4
4 114 79 85 6
5 80 60 53 4
6 114 79 72 3
7 80 60 72 4
8 114 79 114 4
9 114 79 53 3
10 120 80 94 2
11 168 114 76 4
12 114 79 91 2
13 114 98 74 3
14 80 60 33 2
15 120 80 39 1
31
587 233 220
15 50
1 114 79 114 10
2 120 100 108 6
3 120 80 74 2
4 120 80 39 1
5 114 79 91 1
6 168 114 76 2
7 114 79 53 3
8 114 79 85 6
9 120 100 105 6
10 120 80 31 3
11 120 80 94 2
12 114 98 74 4
13 80 60 72 3
14 80 60 65 1
32
587 233 220
15 50
1 80 60 72 3
2 114 79 114 8
3 168 114 111 4
4 120 80 94 7
5 114 79 91 2
6 120 80 74 7
7 114 79 72 4
8 168 114 76 2
9 80 60 53 2
10 114 79 85 2
11 120 100 108 1
12 114 98 74 3
13 80 60 65 1
14 120 80 31 2
15 120 100 105 2
33
587 233 220
15 50
1 168 114 111 2
2 114 79 114 7
3 120 80 31 6
4 120 111 115 3
5 120 100 108 5
6 120 100 105 5
7 80 60 53 3
8 120 80 74 6
9 114 79 91 2
10 114 79 85 4
11 120 80 94 2
12 126 108 64 1
13 80 60 72 3
14 114 79 72 1
34
587 233 220
15 50
1 120 100 105 5
2 114 79 53 5
3 120 80 31 2
4 120 80 74 4
5 114 79 114 8
6 114 98 74 3
7 120 111 115 3
8 126 108 64 1
9 120 80 39 4
10 114 79 85 3
11 120 100 108 2
12 168 114 76 4
13 120 80 94 1
14 80 60 53 2
15 168 114 111 3
35
587 233 220
15 50
1 80 60 33 3
2 168 114 111 1
3 120 80 31 6
4 120 100 108 5
5 126 108 64 3
6 114 98 74 5
7 114 79 91 1
8 114 79 114 6
9 120 100 105 9
10 120 111 115 2
11 80 60 72 2
12 80 60 65 3
13 120 80 39 2
14 114 79 85 2
36
587 233 220
15 50
1 120 80 39 2
2 114 98 74 7
3 114 79 85 3
4 114 79 72 5
5 80 60 33 2
6 114 79 91 5
7 120 100 105 7
8 80 60 65 3
9 120 100 108 5
10 80 60 72 3
11 168 114 111 1
12 120 80 31 3
13 120 80 94 2
14 114 79 114 2
37
587 233 220
15 50
1 120 100 105 5
2 114 79 114 11
3 114 98 74 5
4 120 80 94 3
5 114 79 85 2
6 120 111 115 9
7 168 114 76 3
8 80 60 72 2
9 114 79 72 2
10 114 79 53 3
11 80 60 33 1
12 120 80 31 1
13 80 60 53 1
14 168 114 111 2
38
587 233 220
15 50
1 168 114 76 2
2 120 100 105 7
3 114 79 72 4
4 120 80 94 3
5 114 98 74 5
6 80 60 53 3
7 120 100 108 6
8 168 114 111 4
9 80 60 33 2
10 120 80 74 3
11 80 60 65 5
12 120 111 115 1
13 114 79 114 3
14 114 79 53 2
39
587 233 220
15 50
1 114 79 91 1
2 120 80 94 3
3 120 80 39 1
4 168 114 111 2
5 126 108 64 2
6 120 80 74 3
7 114 79 114 5
8 114 79 85 5
9 120 100 108 3
10 114 98 74 5
11 80 60 72 8
12 168 114 76 2
13 114 79 72 2
14 120 80 31 6
15 80 60 33 2
40
587 233 220
15 50
1 114 98 74 2
2 114 79 114 6
3 114 79 85 8
4 120 80 31 5
5 120 100 105 6
6 168 114 76 4
7 120 100 108 4
8 120 80 74 5
9 120 80 94 2
10 120 80 39 2
11 80 60 33 1
12 114 79 53 1
13 114 79 91 1
14 120 111 115 2
15 168 114 111 1
41
587 233 220
15 50
1 120 80 31 4
2 120 111 115 3
3 80 60 33 4
4 168 114 76 5
5 114 79 114 4
6 114 98 74 6
7 80 60 72 4
8 120 100 108 3
9 114 79 72 1
10 114 79 85 3
11 168 114 111 2
12 80 60 65 4
13 120 80 39 3
14 120 80 74 4
42
587 233 220
15 50
1 168 114 76 3
2 114 79 114 6
3 120 100 105 7
4 114 79 53 2
5 168 114 111 4
6 120 80 74 4
7 126 108 64 2
8 80 60 72 6
9 120 80 31 3
10 120 80 94 4
11 120 80 39 1
12 80 60 53 1
13 80 60 33 2
14 114 79 85 4
15 120 111 115 1
43
587 233 220
15 50
1 114 79 114 10
2 120 100 105 7
3 80 60 72 9
4 114 79 53 6
5 80 60 65 1
6 120 100 108 4
7 168 114 76 1
8 80 60 53 2
9 120 80 31 3
10 120 80 39 2
11 114 79 85 4
12 168 114 111 1
44
587 233 220
15 50
1 120 100 108 5
2 80 60 72 9
3 120 80 31 7
4 114 79 85 5
5 114 79 53 4
6 120 80 39 3
7 80 60 33 4
8 168 114 76 4
9 126 108 64 2
10 80 60 53 3
11 114 79 72 1
12 120 111 115 2
13 120 80 94 1
45
587 233 220
15 50
1 120 80 39 1
2 114 79 114 9
3 120 100 108 7
4 120 80 94 5
5 80 60 33 3
6 126 108 64 2
7 168 114 111 1
8 114 79 72 1
9 80 60 72 12
10 80 60 53 1
11 114 79 85 2
12 120 111 115 1
13 114 79 91 2
14 120 80 74 1
15 120 80 31 2
46
587 233 220
15 50
1 120 100 108 6
2 120 80 74 4
3 120 111 115 7
4 120 80 94 2
5 80 60 33 2
6 80 60 53 2
7 120 100 105 6
8 120 80 31 5
9 168 114 111 5
10 80 60 72 5
11 114 79 114 3
12 114 98 74 2
13 114 79 91 1
47
587 233 220
15 50
1 120 80 94 1
2 120 100 108 7
3 120 80 74 5
4 114 98 74 4
5 114 79 53 4
6 114 79 114 6
7 120 100 105 5
8 120 80 31 7
9 168 114 76 1
10 114 79 85 5
11 80 60 65 1
12 168 114 111 1
13 114 79 91 1
14 120 111 115 2
48
587 233 220
15 50
1 114 79 114 6
2 114 79 85 4
3 120 100 108 6
4 80 60 33 2
5 80 60 72 5
6 168 114 76 3
7 114 79 53 5
8 120 100 105 5
9 120 80 31 5
10 120 80 74 4
11 80 60 65 2
12 168 114 111 3
49
587 233 220
15 50
1 168 114 76 3
2 80 60 72 8
3 114 79 53 5
4 120 111 115 5
5 120 100 105 6
6 114 79 114 5
7 120 100 108 3
8 120 80 39 1
9 80 60 65 4
10 114 79 72 2
11 114 98 74 1
12 114 79 91 2
13 120 80 94 1
14 80 60 33 1
15 120 80 31 3
50
587 233 220
15 50
1 120 100 105 3
2 168 114 111 3
3 120 80 31 4
4 120 100 108 4
5 120 80 74 4
6 114 79 114 11
7 114 79 85 4
8 80 60 53 4
9 114 79 53 1
10 120 80 94 4
11 168 114 76 1
12 114 79 72 2
13 120 111 115 3
14 126 108 64 1
15 80 60 33 1
51
587 233 220
15 50
1 120 80 74 8
2 114 98 74 3
3 114 79 85 2
4 120 100 105 4
5 80 60 72 6
6 120 80 31 4
7 120 111 115 1
8 114 79 114 4
9 168 114 76 1
10 120 80 94 4
11 80 60 53 4
12 114 79 53 2
13 120 80 39 4
14 114 79 91 1
15 126 108 64 2
52
587 233 220
15 50
1 80 60 72 3
2 168 114 76 2
3 114 79 114 9
4 120 80 39 1
5 120 100 105 8
6 120 80 94 4
7 120 111 115 4
8 120 100 108 3
9 120 80 31 5
10 114 79 53 3
11 114 79 85 4
12 114 79 72 4
53
587 233 220
15 50
1 114 79 114 7
2 168 114 76 3
3 120 111 115 8
4 120 80 94 2
5 114 79 72 2
6 114 79 85 5
7 120 100 108 1
8 80 60 72 5
9 120 100 105 7
10 80 60 33 2
11 114 79 91 1
12 120 80 39 3
13 114 79 53 2
14 168 114 111 1
15 126 108 64 1
54
587 233 220
15 50
1 80 60 72 9
2 120 100 105 5
3 120 80 74 4
4 120 100 108 6
5 120 111 115 3
6 114 79 114 5
7 168 114 111 2
8 168 114 76 2
9 80 60 53 1
10 120 80 31 4
11 120 80 94 3
12 80 60 33 1
13 114 79 85 1
14 114 98 74 4
55
587 233 220
15 50
1 120 100 108 5
2 114 79 91 4
3 114 79 114 6
4 80 60 72 7
5 120 111 115 3
6 120 80 74 3
7 114 79 85 4
8 120 100 105 7
9 120 80 31 2
10 114 79 53 3
11 80 60 33 1
12 80 60 53 1
13 168 114 111 2
14 80 60 65 1
15 126 108 64 1
56
587 233 220
15 50
1 120 111 115 3
2 80 60 72 10
3 114 79 114 7
4 120 80 31 4
5 120 80 39 3
6 114 79 72 2
7 80 60 53 1
8 168 114 111 3
9 120 80 74 2
10 126 108 64 1
11 80 60 33 5
12 114 79 85 4
13 114 98 74 3
14 80 60 65 2
57
587 233 220
15 50
1 80 60 53 2
2 114 79 114 12
3 114 79 53 4
4 120 111 115 2
5 80 60 33 2
6 120 80 39 2
7 120 100 105 7
8 120 80 31 4
9 120 80 94 1
10 114 79 91 1
11 80 60 72 2
12 114 98 74 3
13 120 100 108 6
14 168 114 76 2
58
587 233 220
15 50
1 120 100 108 8
2 114 79 91 2
3 80 60 33 1
4 114 79 85 3
5 114 79 114 8
6 114 79 72 3
7 120 80 74 3
8 120 80 94 2
9 168 114 111 6
10 80 60 72 5
11 114 98 74 4
12 120 80 39 3
13 114 79 53 1
14 80 60 65 1
59
587 233 220
15 50
1 114 79 85 2
2 126 108 64 4
3 80 60 72 6
4 114 98 74 5
5 120 100 108 9
6 120 80 74 4
7 120 100 105 4
8 114 79 53 3
9 120 80 31 3
10 168 114 76 3
11 120 111 115 3
12 168 114 111 1
13 114 79 114 2
14 80 60 53 1
60
587 233 220
15 50
1 168 114 76 3
2 80 60 72 9
3 80 60 53 1
4 120 80 74 9
5 120 100 108 3
6 80 60 65 1
7 114 79 114 4
8 114 79 91 3
9 120 111 115 3
10 120 80 39 8
11 114 79 85 3
12 120 100 105 2
13 114 79 53 1
61
587 233 220
15 50
1 120 111 115 4
2 114 79 114 9
3 120 100 105 5
4 120 80 94 3
5 80 60 72 4
6 120 100 108 4
7 120 80 39 2
8 120 80 31 2
9 114 79 91 2
10 114 98 74 5
11 168 114 111 4
12 80 60 33 1
13 114 79 53 3
14 126 108 64 2
62
587 233 220
15 50
1 114 79 72 6
2 120 100 108 5
3 120 80 94 4
4 120 100 105 5
5 114 79 114 7
6 168 114 76 1
7 120 111 115 3
8 80 60 33 3
9 114 79 85 4
10 80 60 72 4
11 120 80 31 3
12 114 98 74 4
13 80 60 53 1
63
587 233 220
15 50
1 80 60 65 5
2 120 100 108 6
3 120 80 31 8
4 80 60 33 3
5 114 79 91 3
6 120 100 105 6
7 168 114 111 4
8 120 80 39 3
9 120 111 115 3
10 114 79 114 1
11 120 80 74 5
12 114 79 85 1
13 114 98 74 1
14 120 80 94 1
64
587 233 220
15 50
1 80 60 72 2
2 120 80 39 5
3 120 80 74 3
4 114 79 114 7
5 80 60 33 3
6 114 98 74 5
7 120 80 31 3
8 168 114 111 4
9 120 80 94 3
10 120 100 105 4
11 80 60 65 2
12 114 79 53 5
13 114 79 85 2
14 114 79 91 1
15 114 79 72 1
65
587 233 220
15 50
1 120 100 105 8
2 120 80 39 3
3 120 80 31 2
4 80 60 72 6
5 114 98 74 4
6 120 100 108 2
7 80 60 33 4
8 168 114 76 2
9 114 79 53 1
10 120 80 74 6
11 114 79 114 5
12 120 80 94 3
13 114 79 91 2
14 168 114 111 1
15 120 111 115 1
66
587 233 220
15 50
1 120 100 105 10
2 120 100 108 3
3 114 79 85 2
4 80 60 72 4
5 120 80 39 2
6 114 79 72 7
7 114 79 114 3
8 120 80 94 2
9 114 79 53 4
10 114 79 91 3
11 80 60 33 1
12 120 80 74 4
13 120 80 31 4
14 168 114 76 1
67
587 233 220
15 50
1 120 80 39 2
2 120 80 74 2
3 120 80 94 3
4 120 100 105 4
5 114 79 114 5
6 114 79 53 1
7 114 79 85 5
8 114 79 91 2
9 114 79 72 2
10 168 114 111 5
11 114 98 74 9
12 120 80 31 4
13 120 100 108 2
14 80 60 65 3
15 120 111 115 1
68
587 233 220
15 50
1 120 80 31 2
2 120 80 39 3
3 120 80 74 4
4 114 79 53 4
5 114 79 72 1
6 114 98 74 3
7 80 60 33 3
8 114 79 114 9
9 80 60 72 7
10 120 111 115 1
11 120 100 108 4
12 80 60 53 1
13 120 80 94 1
14 114 79 85 3
15 120 100 105 4
69
587 233 220
15 50
1 80 60 72 6
2 120 80 31 3
3 114 79 114 9
4 120 80 74 3
5 126 108 64 3
6 168 114 111 6
7 114 79 85 4
8 120 100 105 5
9 120 111 115 2
10 120 80 39 1
11 120 100 108 5
12 114 98 74 3
70
587 233 220
15 50
1 120 80 31 6
2 120 100 105 9
3 80 60 72 4
4 120 100 108 6
5 114 79 114 5
6 114 98 74 2
7 114 79 85 7
8 80 60 65 1
9 80 60 33 1
10 114 79 72 3
11 168 114 76 1
12 114 79 53 1
13 126 108 64 1
14 80 60 53 2
15 120 80 94 1
71
587 233 220
15 50
1 114 79 53 4
2 80 60 65 3
3 120 80 31 7
4 80 60 72 6
5 120 80 94 3
6 114 98 74 2
7 114 79 85 6
8 120 100 105 4
9 114 79 114 6
10 114 79 72 1
11 120 111 115 2
12 120 80 74 2
13 168 114 111 1
14 120 100 108 3
72
587 233 220
15 50
1 120 100 108 6
2 114 79 72 3
3 120 80 74 4
4 114 79 114 3
5 80 60 33 5
6 120 100 105 8
7 120 80 39 3
8 168 114 76 2
9 120 80 94 2
10 120 80 31 4
11 168 114 111 4
12 80 60 53 2
13 114 79 53 2
14 114 79 85 1
15 126 108 64 1
73
587 233 220
15 50
1 120 80 31 6
2 114 79 72 5
3 120 80 94 3
4 114 79 114 5
5 120 100 105 6
6 114 79 85 4
7 120 80 39 2
8 120 80 74 5
9 120 111 115 3
10 126 108 64 3
11 168 114 76 2
12 80 60 72 1
13 114 79 91 3
14 80 60 65 1
15 80 60 53 1
74
587 233 220
15 50
1 120 80 94 5
2 114 79 114 11
3 114 79 53 2
4 80 60 72 5
5 120 100 108 4
6 120 80 74 2
7 120 80 31 3
8 120 100 105 3
9 114 98 74 3
10 80 60 65 3
11 168 114 76 1
12 168 114 111 2
13 114 79 72 1
14 114 79 85 4
15 126 108 64 1
75
587 233 220
15 50
1 114 79 72 5
2 168 114 76 2
3 120 111 115 3
4 126 108 64 1
5 114 98 74 5
6 80 60 65 1
7 80 60 33 1
8 120 100 105 6
9 120 80 74 3
10 80 60 72 7
11 120 80 39 4
12 114 79 114 6
13 80 60 53 1
14 120 80 31 4
15 168 114 111 1
76
587 233 220
15 50
1 120 100 105 7
2 120 100 108 2
3 114 79 114 10
4 168 114 76 1
5 120 80 39 3
6 114 79 85 7
7 80 60 72 4
8 114 79 53 2
9 114 98 74 3
10 114 79 91 1
11 120 111 115 2
12 120 80 74 3
13 120 80 31 1
14 120 80 94 3
15 126 108 64 1
77
587 233 220
15 50
1 120 100 108 5
2 80 60 72 7
3 120 80 31 5
4 114 79 114 8
5 114 79 91 4
6 120 100 105 7
7 120 111 115 2
8 114 98 74 3
9 168 114 76 1
10 168 114 111 2
11 114 79 85 2
12 120 80 94 1
13 80 60 33 2
14 114 79 72 1
78
587 233 220
15 50
1 120 100 105 6
2 114 79 114 6
3 120 100 108 4
4 114 79 85 6
5 126 108 64 3
6 80 60 72 6
7 80 60 65 2
8 120 80 74 3
9 120 80 31 4
10 114 79 72 4
11 120 80 94 1
12 114 98 74 3
13 80 60 33 1
14 168 114 111 1
79
587 233 220
15 50
1 120 80 74 5
2 114 79 53 5
3 114 98 74 3
4 80 60 72 5
5 120 100 105 4
6 168 114 111 7
7 80 60 33 3
8 120 80 94 5
9 168 114 76 2
10 114 79 85 1
11 120 80 31 2
12 120 100 108 3
13 80 60 53 1
14 114 79 114 3
15 126 108 64 1
80
587 233 220
15 50
1 114 79 53 2
2 120 80 94 2
3 120 80 31 7
4 120 100 105 5
5 80 60 72 6
6 120 111 115 3
7 120 80 74 7
8 114 79 114 7
9 120 100 108 1
10 126 108 64 2
11 114 79 85 3
12 114 79 72 2
13 80 60 33 2
14 168 114 76 1
81
587 233 220
15 50
1 80 60 72 6
2 114 79 114 13
3 80 60 53 3
4 168 114 76 1
5 120 80 31 6
6 120 100 105 7
7 114 79 53 4
8 120 100 108 4
9 114 79 72 1
10 126 108 64 1
11 114 98 74 1
12 80 60 65 2
13 120 111 115 1
82
587 233 220
15 50
1 120 100 108 2
2 114 79 114 6
3 120 100 105 8
4 114 79 85 4
5 120 80 74 3
6 126 108 64 2
7 80 60 33 2
8 114 98 74 3
9 114 79 91 2
10 120 80 39 6
11 120 80 31 3
12 120 111 115 2
13 168 114 111 3
14 120 80 94 4
83
587 233 220
15 50
1 120 100 108 6
2 120 80 31 5
3 120 111 115 7
4 120 80 94 3
5 80 60 33 3
6 114 79 114 4
7 120 80 39 4
8 80 60 65 2
9 126 108 64 1
10 120 100 105 4
11 114 98 74 3
12 80 60 72 6
13 120 80 74 2
84
587 233 220
15 50
1 114 79 114 10
2 120 80 74 2
3 114 79 85 3
4 80 60 72 7
5 168 114 76 1
6 114 79 91 4
7 120 100 108 5
8 114 98 74 2
9 120 100 105 5
10 120 80 31 2
11 120 80 94 1
12 80 60 65 1
13 120 111 115 3
14 168 114 111 3
15 80 60 53 1
85
587 233 220
15 50
1 80 60 33 4
2 80 60 65 1
3 114 79 85 4
4 120 100 108 2
5 168 114 111 2
6 114 79 114 9
7 120 80 94 5
8 114 79 53 2
9 80 60 72 7
10 120 100 105 6
11 120 80 74 1
12 80 60 53 1
13 120 80 31 4
14 114 79 91 2
86
587 233 220
15 50
1 114 79 85 3
2 80 60 33 4
3 120 80 39 2
4 120 80 94 4
5 120 100 108 4
6 120 80 31 2
7 120 111 115 7
8 114 79 114 5
9 114 79 53 2
10 80 60 72 4
11 80 60 65 4
12 126 108 64 2
13 114 79 72 1
14 168 114 111 4
15 120 80 74 2
87
587 233 220
15 50
1 80 60 72 6
2 120 80 94 4
3 114 79 91 1
4 114 79 85 5
5 120 100 108 4
6 120 100 105 6
7 114 98 74 2
8 80 60 53 4
9 120 80 31 5
10 168 114 76 2
11 168 114 111 2
12 120 80 39 2
13 114 79 114 3
14 80 60 65 3
15 114 79 72 1
88
587 233 220
15 50
1 114 79 85 6
2 120 80 31 7
3 80 60 72 4
4 120 80 94 7
5 120 80 74 7
6 120 100 105 3
7 114 79 114 3
8 114 79 53 4
9 120 111 115 2
10 114 98 74 2
11 126 108 64 1
12 80 60 53 1
13 168 114 76 2
14 80 60 65 1
89
587 233 220
15 50
1 120 100 108 11
2 114 79 85 4
3 120 80 39 2
4 120 80 74 6
5 120 100 105 6
6 80 60 72 3
7 114 98 74 4
8 114 79 91 3
9 114 79 114 4
10 168 114 111 2
11 80 60 53 1
12 120 111 115 2
13 168 114 76 1
14 114 79 53 1
90
587 233 220
15 50
1 120 100 108 4
2 80 60 72 5
3 80 60 33 3
4 120 80 74 3
5 120 80 31 10
6 114 79 114 7
7 120 80 94 3
8 120 100 105 7
9 120 111 115 1
10 114 79 85 3
11 114 98 74 1
12 126 108 64 1
13 120 80 39 1
14 168 114 111 1
91
587 233 220
15 50
1 120 80 94 4
2 120 100 108 6
3 114 79 53 1
4 114 79 72 3
5 120 80 31 8
6 114 98 74 3
7 120 100 105 5
8 114 79 114 8
9 120 80 74 4
10 80 60 72 3
11 114 79 85 3
12 168 114 111 1
13 120 111 115 1
92
587 233 220
15 50
1 114 79 114 5
2 120 100 105 7
3 126 108 64 2
4 120 80 39 3
5 120 100 108 4
6 80 60 72 8
7 168 114 111 2
8 114 79 53 4
9 114 79 85 2
10 120 80 74 4
11 114 79 91 3
12 120 80 94 2
13 80 60 53 2
14 120 111 115 2
93
587 233 220
15 50
1 114 79 72 7
2 168 114 76 4
3 120 111 115 2
4 114 79 91 3
5 120 80 94 4
6 114 98 74 3
7 114 79 53 2
8 114 79 114 12
9 80 60 72 1
10 120 80 74 2
11 120 100 105 3
12 120 100 108 1
13 80 60 53 1
14 168 114 111 2
15 120 80 31 3
94
587 233 220
15 50
1 168 114 111 2
2 114 79 114 10
3 80 60 53 3
4 120 80 94 3
5 120 80 31 7
6 120 80 74 4
7 114 79 72 3
8 120 111 115 2
9 120 100 108 3
10 120 80 39 4
11 80 60 72 4
12 80 60 65 4
13 126 108 64 1
95
587 233 220
15 50
1 120 100 105 7
2 114 79 114 9
3 120 80 39 4
4 120 80 31 6
5 168 114 76 4
6 168 114 111 2
7 114 79 85 3
8 80 60 72 4
9 120 100 108 4
10 114 98 74 3
11 114 79 91 1
12 80 60 65 2
13 120 111 115 1
96
587 233 220
15 50
1 80 60 33 2
2 126 108 64 2
3 168 114 111 3
4 114 79 85 2
5 114 79 91 3
6 120 80 39 3
7 114 79 53 3
8 120 100 105 5
9 168 114 76 7
10 120 80 94 3
11 120 80 31 3
12 120 100 108 8
13 120 80 74 1
14 114 79 114 4
15 120 111 115 1
97
587 233 220
15 50
1 114 79 114 7
2 120 80 31 7
3 114 79 91 4
4 120 80 74 4
5 114 79 85 1
6 80 60 72 5
7 80 60 65 3
8 120 100 108 7
9 120 111 115 2
10 120 80 39 5
11 126 108 64 1
12 114 98 74 2
13 168 114 76 2
98
587 233 220
15 50
1 80 60 72 5
2 80 60 33 2
3 114 79 85 7
4 114 98 74 4
5 120 80 74 3
6 114 79 114 8
7 80 60 65 2
8 120 80 31 3
9 120 80 94 2
10 80 60 53 4
11 120 80 39 2
12 120 111 115 2
13 114 79 53 2
14 114 79 91 2
15 168 114 76 2
99
587 233 220
15 50
1 80 60 72 8
2 120 100 105 7
3 168 114 111 2
4 114 79 114 8
5 120 111 115 6
6 114 79 53 2
7 120 80 31 6
8 80 60 53 1
9 120 100 108 2
10 120 80 39 4
11 114 79 72 1
12 80 60 65 1
13 120 80 94 2
100
587 233 220
15 50
1 120 80 94 6
2 80 60 53 2
3 120 80 74 4
4 120 100 108 5
5 114 79 114 6
6 114 79 85 4
7 120 111 115 3
8 80 60 33 6
9 80 60 65 2
10 120 80 39 2
11 126 108 64 2
12 80 60 72 7
13 120 80 31 1
