100
1
587 233 220
12 100
1 120 80 39 9
2 120 80 31 12
3 120 80 74 4
4 168 114 111 11
5 120 100 108 8
6 80 60 33 7
7 114 98 74 7
8 120 100 105 12
9 114 79 114 15
10 126 108 64 5
11 80 60 65 4
12 120 111 115 6
2
587 233 220
12 100
1 120 100 105 14
2 168 114 76 10
3 114 79 85 6
4 120 100 108 6
5 168 114 111 2
6 80 60 72 15
7 120 111 115 8
8 114 79 114 12
9 120 80 31 5
10 120 80 39 8
11 120 80 74 11
12 80 60 53 3
3
587 233 220
12 100
1 114 79 85 8
2 80 60 33 9
3 114 79 114 15
4 120 80 94 9
5 120 100 108 7
6 120 111 115 7
7 114 79 72 6
8 168 114 111 4
9 120 80 31 13
10 120 80 74 11
11 114 98 74 2
12 80 60 53 9
4
587 233 220
12 100
1 120 100 108 12
2 80 60 72 16
3 168 114 76 6
4 114 79 53 5
5 120 80 94 7
6 120 111 115 8
7 114 79 114 16
8 114 79 91 1
9 114 79 72 6
10 168 114 111 6
11 114 79 85 12
12 126 108 64 5
5
587 233 220
12 100
1 114 79 114 16
2 120 80 74 10
3 120 100 108 11
4 80 60 72 12
5 114 79 72 6
6 126 108 64 5
7 120 111 115 8
8 168 114 111 6
9 120 100 105 14
10 120 80 94 4
11 114 79 53 5
12 80 60 53 3
6
587 233 220
12 100
1 80 60 33 8
2 168 114 76 4
3 120 80 94 8
4 80 60 65 9
5 120 100 105 14
6 114 79 53 5
7 80 60 72 7
8 114 79 85 7
9 114 98 74 12
10 114 79 114 14
11 114 79 72 4
12 120 100 108 8
7
587 233 220
12 100
1 120 80 94 10
2 114 79 114 19
3 114 79 72 8
4 80 60 72 9
5 120 80 31 8
6 120 100 105 9
7 114 79 53 4
8 80 60 53 10
9 114 79 85 5
10 114 98 74 8
11 120 111 115 5
12 120 100 108 5
8
587 233 220
12 100
1 120 80 74 6
2 114 98 74 11
3 120 100 105 13
4 114 79 53 8
5 114 79 114 18
6 120 80 31 7
7 114 79 85 8
8 120 80 94 10
9 80 60 65 7
10 168 114 111 2
11 80 60 72 6
12 168 114 76 4
9
587 233 220
12 100
1 120 100 108 10
2 114 79 85 11
3 120 100 105 7
4 80 60 72 14
5 114 79 114 19
6 120 80 74 8
7 120 80 31 10
8 80 60 65 3
9 114 79 53 4
10 120 111 115 7
11 114 98 74 4
12 80 60 33 3
10
587 233 220
12 100
1 114 79 53 8
2 114 79 85 16
3 80 60 33 4
4 80 60 72 13
5 114 79 91 4
6 168 114 111 9
7 120 111 115 9
8 120 100 105 15
9 120 80 31 9
10 80 60 65 4
11 126 108 64 3
12 114 98 74 6
11
587 233 220
12 100
1 114 79 114 19
2 168 114 76 9
3 120 100 108 14
4 114 98 74 10
5 114 79 72 4
6 168 114 111 11
7 120 111 115 5
8 120 80 74 6
9 120 80 31 6
10 120 100 105 12
11 114 79 91 4
12
587 233 220
12 100
1 120 100 105 16
2 80 60 72 14
3 114 98 74 10
4 114 79 114 15
5 120 111 115 3
6 114 79 85 6
7 120 80 31 11
8 80 60 65 4
9 120 100 108 8
10 126 108 64 6
11 80 60 33 3
12 114 79 72 4
13
587 233 220
12 100
1 80 60 72 14
2 80 60 65 6
3 80 60 33 6
4 114 79 85 12
5 80 60 53 11
6 126 108 64 1
7 114 79 72 7
8 120 100 108 12
9 120 80 31 17
10 114 98 74 8
11 168 114 76 2
12 120 80 74 4
14
587 233 220
12 100
1 114 79 114 21
2 80 60 72 14
3 120 80 39 7
4 120 100 105 13
5 120 80 74 10
6 120 100 108 7
7 80 60 33 6
8 120 111 115 11
9 168 114 76 6
10 114 79 91 3
11 114 79 72 2
15
587 233 220
12 100
1 120 100 108 12
2 114 79 53 4
3 168 114 111 6
4 120 80 74 11
5 120 100 105 19
6 80 60 72 10
7 168 114 76 8
8 120 80 39 10
9 80 60 53 8
10 126 108 64 3
11 114 98 74 7
12 80 60 65 2
16
587 233 220
12 100
1 120 100 105 19
2 114 79 114 12
3 120 80 94 5
4 120 111 115 5
5 114 79 85 8
6 80 60 72 10
7 120 100 108 7
8 120 80 74 9
9 168 114 111 8
10 126 108 64 6
11 120 80 31 10
12 168 114 76 1
17
587 233 220
12 100
1 120 100 105 15
2 114 79 53 6
3 114 98 74 9
4 120 111 115 6
5 120 80 39 8
6 80 60 72 10
7 114 79 114 11
8 114 79 85 7
9 120 80 31 12
10 114 79 72 7
11 120 80 74 4
12 80 60 33 5
18
587 233 220
12 100
1 120 80 74 10
2 80 60 33 6
3 114 98 74 7
4 120 111 115 9
5 80 60 53 6
6 114 79 114 16
7 120 100 105 13
8 80 60 72 12
9 120 80 31 7
10 114 79 85 7
11 168 114 76 3
12 80 60 65 4
19
587 233 220
12 100
1 120 80 74 13
2 120 80 39 4
3 114 79 53 6
4 120 80 31 15
5 80 60 72 13
6 120 111 115 8
7 80 60 65 5
8 114 79 114 13
9 114 98 74 2
10 120 100 105 11
11 120 100 108 9
12 168 114 76 1
20
587 233 220
12 100
1 120 111 115 10
2 114 98 74 7
3 114 79 114 15
4 120 80 39 5
5 120 100 105 19
6 114 79 72 7
7 168 114 76 5
8 80 60 53 4
9 120 80 31 7
10 168 114 111 6
11 80 60 72 7
12 80 60 33 8
21
587 233 220
12 100
1 114 79 85 8
2 80 60 72 14
3 114 79 114 20
4 120 100 105 9
5 168 114 111 8
6 120 80 39 8
7 114 79 72 7
8 80 60 33 4
9 80 60 53 2
10 168 114 76 8
11 114 79 91 6
12 120 111 115 6
22
587 233 220
12 100
1 120 100 108 9
2 114 79 114 20
3 114 79 91 5
4 114 79 85 13
5 120 100 105 15
6 120 80 74 11
7 168 114 76 4
8 120 80 94 3
9 80 60 33 4
10 120 111 115 8
11 120 80 31 5
12 114 79 53 3
23
587 233 220
12 100
1 120 111 115 4
2 80 60 53 5
3 80 60 65 7
4 114 79 114 25
5 120 80 39 7
6 80 60 72 15
7 120 80 94 11
8 120 80 74 7
9 126 108 64 4
10 168 114 76 5
11 114 98 74 6
12 114 79 72 4
24
587 233 220
12 100
1 120 100 105 14
2 120 100 108 15
3 114 79 114 11
4 120 80 31 5
5 120 80 74 14
6 80 60 72 12
7 126 108 64 6
8 80 60 33 6
9 120 111 115 6
10 114 79 85 4
11 114 98 74 6
12 114 79 91 1
25
587 233 220
12 100
1 120 80 39 6
2 80 60 72 18
3 80 60 65 10
4 120 100 108 6
5 114 79 85 7
6 114 79 114 14
7 114 98 74 6
8 120 100 105 8
9 120 111 115 6
10 168 114 111 6
11 114 79 72 5
12 120 80 74 8
26
587 233 220
12 100
1 114 79 114 18
2 120 100 108 9
3 120 80 31 14
4 120 80 39 9
5 120 80 94 6
6 120 111 115 4
7 120 80 74 7
8 114 79 53 8
9 80 60 33 5
10 120 100 105 10
11 126 108 64 7
12 114 79 72 3
27
587 233 220
12 100
1 80 60 53 10
2 114 79 114 13
3 168 114 76 8
4 120 100 105 16
5 120 80 31 14
6 80 60 72 12
7 114 79 53 3
8 120 100 108 7
9 80 60 65 3
10 126 108 64 8
11 114 79 72 3
12 168 114 111 3
28
587 233 220
12 100
1 168 114 76 5
2 114 79 85 16
3 120 100 105 17
4 120 111 115 6
5 120 80 74 3
6 120 100 108 6
7 114 79 53 3
8 80 60 72 12
9 80 60 33 7
10 114 79 114 12
11 120 80 39 6
12 80 60 53 7
29
587 233 220
12 100
1 114 98 74 11
2 114 79 91 3
3 80 60 72 12
4 114 79 85 18
5 114 79 114 12
6 120 80 31 12
7 120 100 105 10
8 80 60 53 5
9 168 114 111 6
10 120 111 115 6
11 114 79 53 4
12 80 60 65 1
30
587 233 220
12 100
1 80 60 72 11
2 168 114 76 7
3 168 114 111 6
4 114 79 114 19
5 120 80 94 7
6 120 80 74 15
7 114 98 74 5
8 120 80 31 12
9 114 79 85 5
10 80 60 53 6
11 80 60 65 4
12 114 79 53 3
31
587 233 220
12 100
1 120 111 115 10
2 168 114 111 7
3 120 80 31 4
4 168 114 76 5
5 80 60 72 12
6 120 80 94 11
7 120 100 105 10
8 114 79 85 10
9 114 79 114 18
10 80 60 65 4
11 126 108 64 3
12 114 98 74 6
32
587 233 220
12 100
1 120 111 115 6
2 120 100 108 13
3 126 108 64 4
4 120 100 105 15
5 80 60 53 3
6 114 79 114 14
7 120 80 39 5
8 120 80 31 17
9 114 79 72 6
10 114 98 74 11
11 80 60 65 4
12 114 79 91 2
33
587 233 220
12 100
1 120 100 105 13
2 168 114 76 3
3 80 60 72 16
4 120 100 108 11
5 114 98 74 11
6 114 79 72 7
7 114 79 53 4
8 80 60 53 5
9 168 114 111 8
10 114 79 114 14
11 80 60 33 4
12 126 108 64 4
34
587 233 220
12 100
1 120 100 108 9
2 120 80 31 15
3 114 98 74 13
4 114 79 85 5
5 80 60 33 7
6 114 79 114 10
7 80 60 72 13
8 114 79 53 7
9 120 100 105 11
10 114 79 91 4
11 120 80 74 4
12 168 114 76 2
35
587 233 220
12 100
1 114 98 74 9
2 120 80 39 5
3 80 60 33 7
4 120 111 115 8
5 120 100 108 4
6 114 79 114 15
7 114 79 53 7
8 120 100 105 15
9 80 60 72 19
10 114 79 85 5
11 120 80 94 6
36
587 233 220
12 100
1 114 79 114 12
2 120 80 94 9
3 120 80 31 8
4 120 100 105 15
5 114 98 74 8
6 120 100 108 14
7 80 60 72 9
8 168 114 111 4
9 120 80 74 7
10 120 111 115 6
11 168 114 76 3
12 80 60 33 5
37
587 233 220
12 100
1 80 60 72 11
2 120 80 39 7
3 120 80 74 15
4 114 79 53 5
5 114 79 85 11
6 80 60 33 4
7 114 79 91 4
8 114 98 74 9
9 120 100 105 17
10 114 79 72 4
11 120 111 115 7
12 120 80 94 6
38
587 233 220
12 100
1 80 60 72 12
2 120 100 105 23
3 114 79 85 12
4 120 80 39 11
5 114 79 114 11
6 168 114 76 3
7 80 60 33 5
8 80 60 65 3
9 126 108 64 4
10 168 114 111 9
11 114 98 74 4
12 120 80 94 3
39
587 233 220
12 100
1 114 79 114 21
2 114 98 74 11
3 168 114 76 6
4 120 80 74 6
5 80 60 72 15
6 114 79 53 5
7 120 100 108 8
8 120 80 31 14
9 168 114 111 7
10 114 79 72 4
11 126 108 64 1
12 120 80 94 2
40
587 233 220
12 100
1 80 60 72 8
2 168 114 111 8
3 120 100 105 14
4 120 80 31 15
5 80 60 53 6
6 120 100 108 11
7 114 79 114 13
8 114 79 85 7
9 80 60 65 5
10 168 114 76 1
11 120 80 94 9
12 114 79 53 3
41
587 233 220
12 100
1 126 108 64 6
2 114 79 114 12
3 114 79 85 11
4 120 80 74 7
5 120 100 105 22
6 120 111 115 8
7 114 98 74 6
8 168 114 111 7
9 80 60 65 6
10 120 80 31 9
11 80 60 53 5
12 80 60 33 1
42
587 233 220
12 100
1 80 60 33 9
2 120 100 108 8
3 80 60 72 17
4 114 79 114 17
5 120 111 115 9
6 120 80 31 4
7 120 80 94 9
8 126 108 64 4
9 120 80 39 8
10 80 60 53 3
11 114 98 74 6
12 120 80 74 6
43
587 233 220
12 100
1 120 80 31 11
2 120 80 39 8
3 120 80 74 12
4 80 60 72 11
5 114 98 74 13
6 120 80 94 5
7 114 79 72 6
8 126 108 64 7
9 120 111 115 6
10 114 79 114 13
11 80 60 65 4
12 114 79 53 4
44
587 233 220
12 100
1 120 80 31 10
2 120 100 108 9
3 114 98 74 10
4 120 100 105 12
5 114 79 72 5
6 80 60 65 5
7 114 79 85 10
8 168 114 76 5
9 168 114 111 3
10 120 80 74 10
11 80 60 72 16
12 126 108 64 5
45
587 233 220
12 100
1 120 100 108 9
2 114 98 74 10
3 80 60 65 7
4 120 80 74 8
5 120 80 94 9
6 114 79 114 19
7 114 79 72 1
8 80 60 53 4
9 80 60 72 11
10 168 114 111 10
11 126 108 64 6
12 114 79 85 6
46
587 233 220
12 100
1 80 60 33 10
2 120 80 39 9
3 120 80 94 8
4 80 60 53 6
5 114 98 74 10
6 114 79 114 16
7 120 100 105 16
8 80 60 65 7
9 126 108 64 3
10 120 100 108 6
11 80 60 72 7
12 168 114 76 2
47
587 233 220
12 100
1 114 79 114 16
2 80 60 53 6
3 120 100 105 16
4 120 100 108 13
5 114 79 72 4
6 114 98 74 12
7 114 79 91 9
8 126 108 64 8
9 114 79 85 8
10 80 60 33 3
11 80 60 65 3
12 168 114 111 2
48
587 233 220
12 100
1 80 60 72 14
2 120 80 31 12
3 114 98 74 11
4 114 79 114 22
5 120 100 105 12
6 80 60 33 7
7 120 100 108 7
8 120 80 39 3
9 120 80 74 3
10 168 114 76 2
11 114 79 85 5
12 126 108 64 2
49
587 233 220
12 100
1 120 100 108 8
2 120 80 31 13
3 80 60 33 4
4 114 79 85 10
5 120 100 105 13
6 120 80 39 8
7 114 79 114 19
8 80 60 72 10
9 168 114 76 4
10 168 114 111 1
11 114 79 72 6
12 114 98 74 4
50
587 233 220
12 100
1 126 108 64 4
2 120 80 31 9
3 120 100 105 15
4 114 79 114 14
5 80 60 72 6
6 114 98 74 10
7 120 111 115 7
8 80 60 53 3
9 120 80 74 8
10 114 79 53 8
11 120 100 108 7
12 168 114 111 9
51
587 233 220
12 100
1 80 60 72 13
2 120 100 105 15
3 114 79 53 3
4 114 79 114 15
5 168 114 111 8
6 120 80 74 6
7 80 60 33 6
8 120 80 31 17
9 120 80 39 3
10 114 79 85 4
11 114 79 72 6
12 120 100 108 4
52
587 233 220
12 100
1 168 114 111 8
2 120 100 105 20
3 120 80 94 6
4 120 100 108 12
5 114 98 74 8
6 114 79 72 8
7 114 79 114 4
8 80 60 65 3
9 80 60 72 15
10 126 108 64 3
11 114 79 53 8
12 120 80 74 5
53
587 233 220
12 100
1 120 80 39 6
2 120 80 94 9
3 120 80 31 9
4 114 79 114 24
5 114 79 85 11
6 120 100 105 12
7 80 60 65 3
8 120 111 115 10
9 80 60 53 7
10 168 114 111 4
11 114 98 74 4
12 114 79 72 1
54
587 233 220
12 100
1 114 79 53 10
2 120 80 94 10
3 120 111 115 6
4 114 79 85 12
5 114 98 74 10
6 120 100 105 18
7 80 60 33 6
8 80 60 65 6
9 120 80 31 10
10 126 108 64 2
11 80 60 53 4
12 168 114 111 6
55
587 233 220
12 100
1 120 100 105 10
2 168 114 76 5
3 114 79 114 15
4 120 111 115 7
5 114 79 91 4
6 120 80 31 10
7 114 79 85 14
8 80 60 53 3
9 80 60 72 10
10 120 100 108 16
11 126 108 64 4
12 114 79 72 2
56
587 233 220
12 100
1 114 79 114 16
2 120 100 105 20
3 114 98 74 9
4 114 79 91 5
5 114 79 53 6
6 120 100 108 8
7 120 80 39 8
8 120 80 31 5
9 120 80 94 7
10 80 60 65 6
11 120 80 74 6
12 80 60 33 4
57
587 233 220
12 100
1 120 111 115 6
2 120 100 105 17
3 120 80 31 10
4 114 98 74 9
5 120 100 108 10
6 114 79 85 5
7 80 60 72 10
8 114 79 72 7
9 114 79 114 11
10 80 60 33 3
11 120 80 74 5
12 114 79 53 7
58
587 233 220
12 100
1 114 79 85 9
2 120 80 39 6
3 114 79 114 18
4 80 60 72 14
5 120 100 105 9
6 120 100 108 8
7 114 79 72 4
8 120 80 74 7
9 120 80 94 4
10 114 79 53 7
11 168 114 111 9
12 120 111 115 5
59
587 233 220
12 100
1 120 111 115 8
2 114 98 74 5
3 114 79 85 9
4 120 100 105 11
5 120 80 31 16
6 114 79 114 10
7 80 60 33 6
8 168 114 76 6
9 120 80 94 8
10 114 79 53 6
11 80 60 72 7
12 120 80 74 8
60
587 233 220
12 100
1 114 79 85 5
2 114 79 114 15
3 114 98 74 10
4 120 111 115 4
5 120 100 108 13
6 80 60 72 11
7 120 80 31 8
8 120 80 94 5
9 120 100 105 14
10 114 79 53 4
11 120 80 74 6
12 114 79 72 5
61
587 233 220
12 100
1 114 79 114 17
2 120 100 105 15
3 114 79 91 5
4 120 80 39 8
5 114 79 85 15
6 120 80 74 9
7 120 100 108 6
8 168 114 76 6
9 80 60 72 10
10 114 79 72 5
11 168 114 111 2
12 114 98 74 2
62
587 233 220
12 100
1 120 80 31 10
2 168 114 111 2
3 120 80 39 3
4 114 98 74 12
5 120 80 74 12
6 114 79 114 14
7 120 100 105 11
8 80 60 72 8
9 114 79 85 10
10 120 100 108 10
11 80 60 33 6
12 80 60 53 2
63
587 233 220
12 100
1 80 60 72 12
2 114 79 114 11
3 114 79 85 8
4 120 100 105 15
5 168 114 111 8
6 120 80 31 13
7 120 80 94 11
8 120 100 108 7
9 114 79 53 3
10 80 60 65 5
11 120 80 74 4
12 126 108 64 3
64
587 233 220
12 100
1 120 100 108 10
2 114 79 85 12
3 114 98 74 13
4 80 60 72 17
5 120 100 105 13
6 120 80 94 11
7 80 60 65 5
8 80 60 33 1
9 126 108 64 5
10 120 111 115 2
11 120 80 74 7
12 120 80 39 4
65
587 233 220
12 100
1 120 80 74 5
2 114 79 85 15
3 120 100 105 12
4 80 60 53 8
5 168 114 76 5
6 114 79 114 20
7 168 114 111 6
8 120 80 39 5
9 114 79 72 2
10 114 79 91 2
11 80 60 72 14
12 120 80 94 6
66
587 233 220
12 100
1 120 100 108 11
2 114 79 53 4
3 114 79 114 19
4 168 114 76 6
5 120 80 31 11
6 114 79 72 4
7 168 114 111 5
8 120 80 74 11
9 120 80 39 10
10 114 98 74 9
11 114 79 85 5
12 114 79 91 5
67
587 233 220
12 100
1 120 100 108 11
2 80 60 72 21
3 120 80 31 10
4 114 79 114 14
5 120 80 39 5
6 120 111 115 9
7 168 114 111 9
8 120 80 94 4
9 114 79 53 4
10 114 79 72 8
11 168 114 76 2
12 126 108 64 3
68
587 233 220
12 100
1 120 100 108 9
2 126 108 64 10
3 114 79 114 13
4 120 80 31 13
5 114 79 91 3
6 80 60 72 12
7 114 79 53 7
8 120 80 74 10
9 114 98 74 9
10 120 80 39 6
11 120 80 94 4
12 168 114 76 4
69
587 233 220
12 100
1 114 79 114 19
2 80 60 72 11
3 114 98 74 8
4 168 114 111 8
5 126 108 64 4
6 80 60 53 3
7 168 114 76 3
8 120 80 31 11
9 120 100 105 13
10 120 100 108 11
11 120 111 115 5
12 114 79 72 4
70
587 233 220
12 100
1 120 100 108 13
2 114 79 85 10
3 120 80 31 12
4 114 79 53 3
5 80 60 33 6
6 114 79 114 16
7 120 111 115 6
8 168 114 76 6
9 120 100 105 13
10 120 80 39 4
11 120 80 74 6
12 126 108 64 5
71
587 233 220
12 100
1 114 79 85 10
2 80 60 53 5
3 126 108 64 8
4 80 60 72 19
5 120 100 105 12
6 120 80 74 11
7 168 114 111 4
8 80 60 65 2
9 120 80 31 6
10 120 80 94 8
11 114 98 74 9
12 120 80 39 6
72
587 233 220
12 100
1 114 79 85 11
2 114 79 114 11
3 120 80 31 7
4 120 80 74 2
5 120 111 115 10
6 80 60 72 19
7 114 79 72 6
8 120 100 105 14
9 168 114 111 6
10 120 100 108 6
11 120 80 39 5
12 120 80 94 3
73
587 233 220
12 100
1 120 100 108 10
2 114 98 74 8
3 114 79 72 6
4 114 79 114 10
5 80 60 72 9
6 80 60 53 6
7 80 60 33 4
8 120 80 31 13
9 120 80 39 7
10 120 100 105 13
11 120 80 74 5
12 120 111 115 9
74
587 233 220
12 100
1 114 79 114 18
2 120 100 108 13
3 120 100 105 12
4 120 80 31 9
5 120 80 74 7
6 126 108 64 5
7 80 60 65 7
8 114 79 85 6
9 120 80 94 6
10 168 114 76 5
11 80 60 33 5
12 114 98 74 7
75
587 233 220
12 100
1 80 60 72 16
2 120 80 31 13
3 114 79 85 10
4 114 79 114 15
5 120 100 105 14
6 120 100 108 12
7 114 98 74 5
8 114 79 53 4
9 120 80 74 7
10 114 79 72 1
11 168 114 76 2
12 80 60 33 1
76
587 233 220
12 100
1 114 79 53 4
2 120 100 108 17
3 120 80 31 16
4 114 79 114 20
5 114 98 74 4
6 80 60 65 2
7 168 114 111 2
8 120 111 115 10
9 120 80 74 10
10 120 100 105 11
11 114 79 91 2
12 80 60 53 2
77
587 233 220
12 100
1 120 80 31 9
2 120 100 108 9
3 120 100 105 14
4 114 79 85 15
5 114 79 53 2
6 120 80 94 10
7 80 60 72 10
8 114 79 114 13
9 114 98 74 3
10 120 80 39 6
11 120 111 115 5
12 114 79 72 4
78
587 233 220
12 100
1 80 60 72 8
2 168 114 111 6
3 120 80 94 6
4 120 100 105 14
5 80 60 65 7
6 120 80 31 10
7 114 79 114 21
8 114 98 74 8
9 120 111 115 3
10 114 79 85 7
11 80 60 53 4
12 120 80 74 6
79
587 233 220
12 100
1 168 114 111 3
2 120 80 74 8
3 120 100 105 11
4 114 79 91 3
5 80 60 72 13
6 80 60 33 1
7 114 79 114 20
8 120 80 31 11
9 120 100 108 13
10 120 111 115 9
11 80 60 53 4
12 114 98 74 4
80
587 233 220
12 100
1 114 79 72 5
2 114 79 85 5
3 168 114 111 9
4 80 60 53 3
5 80 60 72 21
6 126 108 64 4
7 114 79 114 22
8 114 79 53 6
9 114 98 74 9
10 120 80 31 9
11 80 60 33 2
12 114 79 91 5
81
587 233 220
12 100
1 120 100 105 18
2 114 79 114 8
3 120 100 108 17
4 80 60 72 16
5 120 80 74 6
6 80 60 65 3
7 114 79 53 5
8 168 114 111 4
9 114 79 85 6
10 120 80 31 6
11 120 80 94 6
12 114 98 74 5
82
587 233 220
12 100
1 120 111 115 11
2 120 80 31 9
3 120 100 108 12
4 114 79 53 9
5 114 79 114 20
6 120 80 94 5
7 114 79 72 2
8 120 80 74 5
9 114 79 85 3
10 120 100 105 17
11 168 114 76 4
12 80 60 33 3
83
587 233 220
12 100
1 114 79 114 21
2 120 111 115 12
3 126 108 64 3
4 114 79 85 13
5 114 98 74 11
6 80 60 72 11
7 120 80 31 8
8 114 79 72 6
9 120 100 108 6
10 120 80 94 2
11 80 60 53 3
12 114 79 53 4
84
587 233 220
12 100
1 120 100 105 18
2 114 79 114 18
3 168 114 76 5
4 120 80 39 5
5 80 60 53 6
6 120 80 31 14
7 80 60 72 9
8 120 80 94 4
9 114 79 72 3
10 114 79 53 8
11 114 98 74 7
12 114 79 85 3
85
587 233 220
12 100
1 114 79 114 21
2 80 60 72 15
3 120 80 94 7
4 114 98 74 10
5 80 60 33 6
6 120 80 31 8
7 114 79 72 1
8 120 80 74 5
9 114 79 53 4
10 120 80 39 6
11 168 114 111 6
12 120 100 105 11
86
587 233 220
12 100
1 80 60 65 5
2 168 114 76 6
3 80 60 72 15
4 120 100 105 16
5 114 79 53 6
6 114 79 114 11
7 168 114 111 12
8 120 80 74 5
9 120 100 108 10
10 114 98 74 7
11 120 111 115 4
12 120 80 39 3
87
587 233 220
12 100
1 168 114 111 11
2 114 79 85 10
3 114 79 114 22
4 114 98 74 6
5 80 60 65 2
6 114 79 91 6
7 168 114 76 2
8 120 100 105 16
9 114 79 72 8
10 120 80 74 8
11 114 79 53 3
12 120 100 108 6
88
587 233 220
12 100
1 120 100 108 9
2 80 60 53 5
3 80 60 72 11
4 114 79 114 22
5 120 100 105 14
6 120 80 74 3
7 120 80 94 6
8 114 79 91 6
9 114 79 72 7
10 114 79 53 6
11 120 80 31 7
12 168 114 111 4
89
587 233 220
12 100
1 120 80 74 6
2 114 98 74 5
3 120 100 108 10
4 114 79 114 16
5 120 100 105 16
6 120 80 94 7
7 168 114 76 7
8 114 79 85 9
9 114 79 53 6
10 120 80 31 12
11 80 60 65 3
12 168 114 111 3
90
587 233 220
12 100
1 168 114 111 7
2 114 79 114 17
3 80 60 72 17
4 120 80 39 9
5 120 100 108 12
6 114 79 85 10
7 120 111 115 7
8 114 79 91 6
9 114 79 53 2
10 168 114 76 3
11 114 79 72 4
12 80 60 53 6
91
587 233 220
12 100
1 80 60 65 7
2 114 98 74 7
3 114 79 72 4
4 120 80 94 9
5 114 79 114 17
6 114 79 91 3
7 120 100 105 18
8 168 114 111 5
9 120 100 108 13
10 80 60 33 3
11 114 79 85 10
12 168 114 76 4
92
587 233 220
12 100
1 120 100 105 13
2 120 100 108 8
3 120 80 31 14
4 114 79 72 6
5 114 79 114 14
6 114 79 85 8
7 80 60 72 6
8 120 80 74 7
9 114 98 74 11
10 126 108 64 4
11 168 114 76 3
12 120 80 94 6
93
587 233 220
12 100
1 114 79 114 16
2 80 60 33 3
3 120 80 94 11
4 120 80 31 11
5 80 60 72 13
6 120 100 105 9
7 168 114 111 4
8 120 80 39 11
9 120 80 74 7
10 80 60 53 4
11 114 98 74 7
12 114 79 85 4
94
587 233 220
12 100
1 114 79 85 13
2 120 100 105 17
3 114 79 114 11
4 120 80 74 11
5 114 98 74 8
6 120 111 115 6
7 120 100 108 5
8 120 80 94 4
9 120 80 31 14
10 168 114 76 6
11 126 108 64 2
12 80 60 72 3
95
587 233 220
12 100
1 120 80 31 14
2 120 80 94 8
3 120 100 108 13
4 114 79 114 17
5 120 100 105 15
6 80 60 65 4
7 168 114 76 3
8 114 98 74 8
9 114 79 53 6
10 80 60 53 5
11 120 111 115 3
12 114 79 72 4
96
587 233 220
12 100
1 80 60 72 11
2 114 79 114 23
3 120 80 31 8
4 120 100 108 10
5 120 100 105 13
6 120 80 74 7
7 80 60 65 3
8 120 111 115 6
9 120 80 39 7
10 114 98 74 6
11 114 79 85 4
12 168 114 111 2
97
587 233 220
12 100
1 120 80 94 3
2 80 60 72 15
3 120 100 105 16
4 114 79 85 10
5 80 60 65 7
6 114 79 72 5
7 120 111 115 10
8 114 79 53 8
9 120 80 31 6
10 120 80 74 3
11 114 79 114 14
12 114 79 91 3
98
587 233 220
12 100
1 120 100 105 19
2 80 60 33 9
3 114 79 85 7
4 168 114 111 7
5 114 79 53 8
6 80 60 72 8
7 120 80 94 12
8 120 111 115 9
9 120 80 39 11
10 126 108 64 4
11 114 79 91 3
12 114 79 72 3
99
587 233 220
12 100
1 120 100 108 11
2 120 80 74 13
3 114 98 74 9
4 120 80 31 9
5 114 79 85 8
6 114 79 91 6
7 120 80 39 6
8 80 60 33 6
9 168 114 76 8
10 168 114 111 7
11 80 60 65 4
12 120 100 105 13
100
587 233 220
12 100
1 80 60 72 13
2 120 80 74 8
3 114 79 85 8
4 114 79 114 14
5 114 79 53 9
6 114 79 91 3
7 120 100 108 11
8 120 80 94 5
9 80 60 53 6
10 120 111 115 8
11 80 60 33 8
12 168 114 111 7