1
587 233 220
10 100
1 120 80 31 15
2 114 79 114 21
3 114 79 85 14
4 120 100 105 12
5 168 114 111 7
6 120 100 108 15
7 80 60 53 7
8 80 60 65 3
9 126 108 64 4
10 114 79 91 2
2
587 233 220
10 100
1 80 60 72 7
2 120 80 31 12
3 120 100 108 10
4 114 79 114 16
5 168 114 111 15
6 80 60 65 8
7 120 100 105 12
8 80 60 33 7
9 80 60 53 7
10 168 114 76 6
3
587 233 220
10 100
1 114 79 114 20
2 114 98 74 8
3 114 79 85 7
4 126 108 64 5
5 120 111 115 10
6 80 60 72 15
7 80 60 53 6
8 120 80 31 16
9 114 79 91 7
10 114 79 53 6
4
587 233 220
10 100
1 114 98 74 13
2 120 80 31 17
3 120 80 94 6
4 80 60 72 12
5 80 60 53 9
6 120 100 105 17
7 120 80 39 8
8 114 79 85 5
9 80 60 33 8
10 168 114 111 5
5
587 233 220
10 100
1 114 79 114 21
2 114 79 85 12
3 120 100 108 13
4 120 100 105 13
5 120 111 115 9
6 126 108 64 5
7 80 60 33 6
8 114 98 74 10
9 168 114 111 7
10 114 79 72 4
6
587 233 220
10 100
1 80 60 72 15
2 120 111 115 8
3 120 80 39 5
4 120 80 74 8
5 114 98 74 6
6 120 80 31 7
7 114 79 114 20
8 120 100 105 18
9 120 80 94 8
10 80 60 53 5
7
587 233 220
10 100
1 114 79 114 19
2 120 100 108 8
3 168 114 76 8
4 120 80 39 6
5 114 79 85 12
6 80 60 53 3
7 120 80 31 17
8 114 79 53 9
9 80 60 72 14
10 80 60 65 4
8
587 233 220
10 100
1 80 60 72 17
2 126 108 64 6
3 114 98 74 10
4 120 100 105 16
5 114 79 114 17
6 114 79 72 8
7 120 80 94 6
8 114 79 53 6
9 120 111 115 9
10 168 114 111 5
9
587 233 220
10 100
1 120 100 105 22
2 120 80 39 11
3 120 100 108 10
4 120 80 74 10
5 80 60 53 4
6 120 111 115 7
7 114 79 72 8
8 120 80 94 16
9 126 108 64 8
10 114 79 91 4
10
587 233 220
10 100
1 120 80 31 11
2 120 100 108 16
3 120 100 105 13
4 120 80 74 9
5 114 79 114 21
6 114 98 74 8
7 120 80 94 7
8 80 60 53 3
9 120 111 115 5
10 120 80 39 7
11
587 233 220
10 100
1 168 114 111 12
2 120 111 115 10
3 80 60 72 15
4 80 60 33 6
5 120 100 105 17
6 114 79 85 10
7 120 80 31 14
8 120 80 39 10
9 126 108 64 1
10 114 79 72 5
12
587 233 220
10 100
1 120 80 31 10
2 120 100 105 15
3 114 79 91 7
4 120 80 94 10
5 114 98 74 15
6 114 79 85 13
7 120 80 39 11
8 80 60 72 13
9 80 60 53 5
10 126 108 64 1
13
587 233 220
10 100
1 114 79 114 13
2 114 79 85 9
3 80 60 72 9
4 120 80 31 11
5 114 98 74 9
6 120 100 105 16
7 120 80 94 12
8 120 80 39 9
9 114 79 72 7
10 80 60 65 5
14
587 233 220
10 100
1 120 80 31 17
2 114 79 114 17
3 120 100 108 12
4 114 79 85 9
5 120 80 94 12
6 80 60 72 8
7 114 98 74 10
8 168 114 111 4
9 120 80 39 7
10 126 108 64 4
15
587 233 220
10 100
1 168 114 111 8
2 114 79 72 10
3 120 80 74 12
4 120 100 105 12
5 120 80 31 5
6 114 79 114 22
7 120 100 108 9
8 114 79 85 11
9 80 60 65 6
10 114 79 91 5
16
587 233 220
10 100
1 120 80 31 18
2 120 100 105 14
3 80 60 72 11
4 114 79 53 13
5 120 80 74 11
6 114 79 114 10
7 120 111 115 6
8 80 60 53 5
9 120 100 108 9
10 114 79 72 3
17
587 233 220
10 100
1 114 79 53 4
2 168 114 111 7
3 120 111 115 12
4 120 80 94 8
5 80 60 72 25
6 114 79 72 9
7 114 98 74 11
8 114 79 91 3
9 120 80 31 10
10 120 80 39 11
18
587 233 220
10 100
1 120 80 94 14
2 120 100 105 15
3 80 60 53 6
4 126 108 64 4
5 114 98 74 13
6 168 114 111 13
7 80 60 33 9
8 80 60 65 7
9 114 79 53 8
10 120 100 108 11
19
587 233 220
10 100
1 126 108 64 6
2 120 100 108 9
3 114 98 74 12
4 80 60 72 14
5 80 60 53 5
6 168 114 76 6
7 114 79 114 22
8 120 80 31 11
9 114 79 53 10
10 80 60 65 5
20
587 233 220
10 100
1 120 80 31 14
2 120 100 108 11
3 80 60 33 7
4 114 79 114 23
5 120 100 105 16
6 114 79 53 5
7 168 114 76 7
8 120 111 115 5
9 80 60 65 4
10 114 79 85 8
21
587 233 220
10 100
1 120 111 115 12
2 80 60 33 2
3 168 114 76 6
4 120 80 74 10
5 114 79 53 8
6 120 80 31 16
7 120 80 94 9
8 114 79 85 11
9 114 79 114 17
10 120 80 39 9
22
587 233 220
10 100
1 114 79 53 8
2 168 114 76 7
3 120 100 105 22
4 80 60 33 9
5 114 79 85 2
6 120 80 74 11
7 120 100 108 18
8 120 80 39 9
9 120 80 31 12
10 114 79 91 2
23
587 233 220
10 100
1 114 98 74 12
2 120 80 31 13
3 80 60 72 21
4 114 79 85 12
5 80 60 33 10
6 120 100 108 11
7 120 80 74 12
8 168 114 111 2
9 80 60 53 2
10 120 80 39 5
24
587 233 220
10 100
1 120 100 105 12
2 114 79 85 8
3 168 114 111 7
4 120 80 94 7
5 114 98 74 8
6 120 80 31 10
7 80 60 72 14
8 120 100 108 17
9 120 111 115 8
10 114 79 114 9
25
587 233 220
10 100
1 120 111 115 12
2 114 79 114 12
3 120 100 105 18
4 120 80 94 12
5 168 114 111 13
6 120 80 31 8
7 126 108 64 3
8 80 60 72 12
9 80 60 65 5
10 120 80 39 5
26
587 233 220
10 100
1 114 79 85 7
2 120 80 74 15
3 120 111 115 19
4 126 108 64 6
5 120 100 105 14
6 168 114 76 5
7 114 98 74 9
8 114 79 72 6
9 168 114 111 10
10 120 80 39 9
27
587 233 220
10 100
1 114 79 114 18
2 120 80 31 11
3 80 60 72 17
4 168 114 111 9
5 80 60 65 4
6 120 111 115 4
7 120 80 94 11
8 80 60 33 4
9 120 100 108 14
10 120 80 39 8
28
587 233 220
10 100
1 120 80 74 12
2 120 100 105 15
3 114 79 72 12
4 114 79 114 20
5 114 98 74 10
6 126 108 64 7
7 114 79 91 3
8 120 111 115 10
9 120 80 94 5
10 114 79 53 6
29
587 233 220
10 100
1 120 80 74 11
2 120 80 31 15
3 126 108 64 3
4 114 79 114 14
5 120 100 108 14
6 80 60 65 5
7 114 98 74 10
8 80 60 72 11
9 120 80 39 11
10 80 60 53 6
30
587 233 220
10 100
1 120 80 31 11
2 114 98 74 7
3 120 80 94 7
4 114 79 114 21
5 114 79 85 13
6 126 108 64 3
7 80 60 72 15
8 120 100 105 10
9 120 80 39 9
10 120 111 115 4
31
587 233 220
10 100
1 120 100 105 16
2 120 111 115 5
3 168 114 76 6
4 120 80 31 15
5 114 79 114 17
6 120 100 108 16
7 120 80 94 6
8 114 79 91 6
9 114 79 72 8
10 80 60 65 5
32
587 233 220
10 100
1 120 80 74 7
2 120 80 31 8
3 114 79 114 17
4 114 79 53 11
5 114 79 72 11
6 120 80 94 8
7 114 98 74 10
8 120 100 105 15
9 80 60 53 5
10 120 80 39 8
33
587 233 220
10 100
1 80 60 72 16
2 120 80 39 11
3 120 80 31 12
4 120 80 74 10
5 120 80 94 12
6 120 100 105 12
7 114 98 74 7
8 114 79 72 7
9 114 79 91 6
10 114 79 53 7
34
587 233 220
10 100
1 120 100 105 25
2 114 79 114 9
3 114 98 74 17
4 120 100 108 16
5 168 114 76 4
6 120 111 115 6
7 114 79 53 8
8 80 60 65 10
9 114 79 72 3
10 168 114 111 2
35
587 233 220
10 100
1 120 100 105 18
2 168 114 111 10
3 120 80 31 13
4 120 80 39 9
5 114 79 85 9
6 80 60 33 7
7 120 111 115 11
8 114 79 72 8
9 80 60 65 5
10 114 79 53 10
36
587 233 220
10 100
1 120 100 105 16
2 114 79 114 14
3 120 100 108 12
4 120 80 31 9
5 114 79 91 6
6 120 80 94 6
7 120 111 115 10
8 168 114 111 7
9 120 80 39 15
10 80 60 53 5
37
587 233 220
10 100
1 120 80 31 15
2 80 60 33 9
3 114 79 85 10
4 114 98 74 13
5 120 80 74 7
6 120 100 105 16
7 120 80 94 9
8 80 60 72 13
9 80 60 65 2
10 120 80 39 6
38
587 233 220
10 100
1 114 98 74 7
2 120 100 105 15
3 120 80 31 12
4 114 79 114 11
5 80 60 72 13
6 120 80 39 9
7 120 100 108 13
8 168 114 76 4
9 114 79 85 6
10 120 80 74 10
39
587 233 220
10 100
1 120 80 31 9
2 120 80 74 9
3 80 60 72 20
4 80 60 65 6
5 120 100 108 11
6 114 79 85 12
7 168 114 76 8
8 114 79 53 12
9 120 80 39 8
10 80 60 33 5
40
587 233 220
10 100
1 120 100 108 22
2 120 80 31 8
3 80 60 72 13
4 80 60 65 6
5 120 111 115 5
6 80 60 33 3
7 120 100 105 18
8 114 79 114 19
9 114 79 53 4
10 114 79 72 2
41
587 233 220
10 100
1 120 100 105 13
2 114 79 114 15
3 120 80 39 6
4 120 100 108 11
5 120 80 31 18
6 126 108 64 3
7 80 60 53 6
8 114 98 74 9
9 120 80 94 12
10 114 79 85 7
42
587 233 220
10 100
1 114 98 74 13
2 120 80 31 9
3 168 114 111 11
4 114 79 85 8
5 120 100 105 21
6 120 80 39 12
7 114 79 91 4
8 168 114 76 8
9 80 60 72 11
10 114 79 53 3
43
587 233 220
10 100
1 114 79 114 28
2 80 60 33 4
3 120 80 74 7
4 114 98 74 17
5 120 80 39 5
6 120 111 115 11
7 80 60 53 7
8 114 79 53 5
9 114 79 72 7
10 168 114 76 9
44
587 233 220
10 100
1 168 114 76 5
2 80 60 33 6
3 120 100 105 17
4 120 80 94 11
5 120 100 108 16
6 114 79 85 9
7 114 79 114 17
8 120 80 39 8
9 80 60 65 3
10 120 80 74 8
45
587 233 220
10 100
1 114 79 114 20
2 120 111 115 6
3 120 80 74 13
4 114 98 74 10
5 120 80 94 10
6 114 79 85 10
7 114 79 72 8
8 120 100 108 8
9 120 100 105 15
46
587 233 220
10 100
1 114 79 85 17
2 120 80 31 14
3 80 60 53 7
4 120 100 105 13
5 114 79 91 7
6 114 98 74 3
7 120 80 74 8
8 120 100 108 17
9 120 111 115 10
10 80 60 65 4
47
587 233 220
10 100
1 120 100 108 11
2 80 60 72 16
3 126 108 64 7
4 120 80 31 9
5 120 100 105 18
6 114 79 53 8
7 120 80 39 4
8 114 79 114 15
9 114 98 74 9
10 114 79 91 3
48
587 233 220
10 100
1 114 98 74 9
2 120 100 105 20
3 80 60 72 14
4 120 80 39 6
5 114 79 53 13
6 168 114 76 6
7 114 79 114 15
8 120 111 115 7
9 168 114 111 5
10 114 79 72 5
49
587 233 220
10 100
1 120 80 31 7
2 120 80 94 11
3 80 60 53 7
4 120 100 105 16
5 80 60 65 5
6 114 79 114 17
7 114 98 74 9
8 80 60 72 17
9 168 114 111 5
10 114 79 53 6
50
587 233 220
10 100
1 120 80 31 12
2 114 79 72 5
3 120 100 105 18
4 114 79 85 11
5 168 114 111 7
6 120 100 108 14
7 114 79 114 24
8 114 79 91 4
9 126 108 64 2
10 80 60 65 3
51
587 233 220
10 100
1 114 79 114 16
2 120 80 39 9
3 120 100 105 12
4 120 80 74 12
5 80 60 72 16
6 80 60 53 8
7 80 60 33 3
8 120 100 108 12
9 114 98 74 8
10 120 111 115 4
52
587 233 220
10 100
1 114 79 114 15
2 120 100 108 11
3 114 98 74 8
4 120 100 105 21
5 120 80 94 7
6 80 60 72 18
7 114 79 91 3
8 80 60 33 5
9 120 80 74 3
10 120 80 31 9
53
587 233 220
10 100
1 114 79 53 8
2 168 114 76 9
3 114 79 85 11
4 120 80 39 10
5 114 98 74 18
6 114 79 114 16
7 120 100 108 15
8 80 60 33 4
9 114 79 91 3
10 120 111 115 6
54
587 233 220
10 100
1 120 100 108 8
2 114 79 114 18
3 80 60 72 11
4 120 100 105 19
5 114 79 85 9
6 120 80 39 11
7 126 108 64 2
8 120 80 31 9
9 120 80 74 12
10 114 79 91 1
55
587 233 220
10 100
1 120 100 105 11
2 120 80 94 9
3 114 79 114 15
4 168 114 111 7
5 80 60 53 5
6 114 98 74 11
7 120 100 108 18
8 120 80 74 12
9 114 79 85 6
10 120 80 31 6
56
587 233 220
10 100
1 80 60 72 19
2 114 79 53 11
3 120 80 31 12
4 168 114 76 4
5 114 79 114 14
6 114 79 85 10
7 120 100 108 14
8 120 80 94 5
9 114 98 74 7
10 80 60 53 4
57
587 233 220
10 100
1 80 60 53 6
2 114 79 85 11
3 120 100 105 18
4 120 80 94 6
5 168 114 111 11
6 120 80 31 10
7 114 98 74 9
8 114 79 114 15
9 168 114 76 8
10 120 80 74 6
58
587 233 220
10 100
1 114 98 74 10
2 126 108 64 5
3 120 100 105 13
4 114 79 114 15
5 120 80 39 7
6 120 100 108 20
7 114 79 85 4
8 80 60 53 6
9 120 80 74 14
10 80 60 65 6
59
587 233 220
10 100
1 114 98 74 8
2 168 114 76 7
3 120 80 31 9
4 114 79 114 25
5 114 79 85 11
6 168 114 111 9
7 120 100 108 11
8 114 79 72 7
9 80 60 53 5
10 120 80 74 8
60
587 233 220
10 100
1 80 60 72 15
2 114 79 72 6
3 120 80 94 7
4 114 98 74 8
5 120 100 105 14
6 80 60 53 9
7 114 79 91 4
8 114 79 85 11
9 114 79 114 16
10 120 80 31 10
61
587 233 220
10 100
1 114 79 53 7
2 120 80 31 13
3 168 114 111 8
4 120 80 74 11
5 120 100 105 23
6 114 79 91 5
7 114 79 72 6
8 120 111 115 10
9 114 79 85 10
10 120 80 39 7
62
587 233 220
10 100
1 80 60 72 15
2 114 79 114 16
3 120 100 108 20
4 168 114 76 7
5 120 80 39 5
6 120 80 74 3
7 120 80 31 13
8 114 79 91 7
9 168 114 111 7
10 114 79 72 7
63
587 233 220
10 100
1 80 60 72 16
2 114 79 85 8
3 120 100 108 18
4 80 60 53 4
5 114 79 72 8
6 80 60 65 4
7 120 80 31 11
8 120 100 105 20
9 120 111 115 5
10 168 114 76 6
64
587 233 220
10 100
1 120 80 74 7
2 120 100 105 23
3 120 80 39 11
4 120 100 108 8
5 120 80 31 16
6 114 98 74 7
7 120 111 115 9
8 80 60 65 6
9 168 114 76 10
10 80 60 33 3
65
587 233 220
10 100
1 114 79 53 8
2 120 80 74 6
3 120 80 39 11
4 114 79 114 26
5 114 98 74 4
6 120 111 115 7
7 80 60 72 8
8 120 80 31 14
9 120 80 94 11
10 80 60 33 5
66
587 233 220
10 100
1 114 79 53 7
2 114 79 114 13
3 120 100 108 10
4 120 100 105 16
5 120 80 74 12
6 80 60 72 12
7 120 80 31 13
8 120 80 94 6
9 80 60 53 7
10 114 79 72 4
67
587 233 220
10 100
1 114 79 114 12
2 114 79 53 8
3 80 60 72 13
4 114 79 85 11
5 120 100 105 13
6 120 80 94 11
7 120 80 31 8
8 120 80 39 7
9 80 60 53 6
10 120 100 108 11
68
587 233 220
10 100
1 120 80 94 7
2 114 79 85 9
3 120 80 31 15
4 80 60 72 10
5 114 79 114 24
6 120 100 108 15
7 168 114 111 5
8 120 80 74 4
9 120 111 115 9
10 114 79 91 2
69
587 233 220
10 100
1 114 79 114 17
2 120 100 108 10
3 114 79 72 10
4 80 60 72 17
5 120 80 94 8
6 114 79 53 9
7 114 79 85 10
8 126 108 64 8
9 120 80 74 8
10 114 79 91 3
70
587 233 220
10 100
1 114 79 114 22
2 80 60 72 16
3 114 79 85 16
4 80 60 33 8
5 168 114 76 7
6 80 60 53 6
7 120 80 31 9
8 114 79 72 6
9 114 79 91 4
10 120 80 94 6
71
587 233 220
10 100
1 120 80 94 10
2 120 80 31 16
3 114 79 53 9
4 120 100 105 22
5 168 114 76 6
6 80 60 65 6
7 120 111 115 5
8 126 108 64 8
9 114 79 72 6
10 120 100 108 12
72
587 233 220
10 100
1 80 60 72 15
2 114 79 114 18
3 120 80 74 13
4 120 100 108 17
5 120 80 39 7
6 120 111 115 7
7 114 79 91 5
8 120 80 31 10
9 114 79 85 5
10 80 60 33 3
73
587 233 220
10 100
1 120 100 108 10
2 120 80 39 10
3 120 80 31 10
4 168 114 111 2
5 168 114 76 12
6 120 80 94 9
7 114 79 85 8
8 114 79 114 23
9 80 60 72 7
10 114 98 74 9
74
587 233 220
10 100
1 114 79 114 21
2 114 98 74 9
3 120 80 39 8
4 114 79 85 9
5 120 80 94 12
6 120 80 74 10
7 120 80 31 9
8 120 100 105 17
9 114 79 91 3
10 120 111 115 2
75
587 233 220
10 100
1 120 100 105 16
2 114 79 53 10
3 114 79 114 16
4 120 80 74 13
5 114 79 72 5
6 168 114 76 4
7 114 79 85 15
8 80 60 53 5
9 114 98 74 7
10 168 114 111 9
76
587 233 220
10 100
1 120 100 105 14
2 120 80 31 14
3 114 79 114 18
4 80 60 33 7
5 80 60 72 11
6 120 111 115 11
7 120 80 94 11
8 80 60 53 6
9 114 79 72 6
10 168 114 76 2
77
587 233 220
10 100
1 114 98 74 16
2 120 80 31 15
3 120 80 39 5
4 168 114 76 5
5 114 79 53 6
6 80 60 33 11
7 120 100 108 11
8 120 111 115 11
9 114 79 114 14
10 126 108 64 6
78
587 233 220
10 100
1 120 100 108 8
2 120 100 105 19
3 168 114 76 6
4 114 79 114 21
5 114 79 72 5
6 120 80 31 9
7 120 80 94 13
8 80 60 33 6
9 80 60 72 9
10 120 80 39 4
79
587 233 220
10 100
1 120 100 105 18
2 114 79 91 6
3 114 79 114 22
4 120 100 108 17
5 168 114 76 8
6 120 111 115 3
7 114 79 72 6
8 120 80 74 8
9 80 60 53 7
10 120 80 94 5
80
587 233 220
10 100
1 114 79 114 17
2 120 100 105 22
3 120 111 115 9
4 114 98 74 11
5 120 80 39 10
6 80 60 72 11
7 114 79 72 4
8 114 79 85 6
9 114 79 91 4
10 120 80 31 6
81
587 233 220
10 100
1 120 100 105 17
2 80 60 33 8
3 80 60 65 10
4 120 100 108 9
5 120 80 31 8
6 120 80 74 8
7 80 60 72 14
8 120 80 94 16
9 168 114 76 5
10 114 79 53 5
82
587 233 220
10 100
1 80 60 72 13
2 120 100 105 15
3 168 114 111 8
4 114 79 114 20
5 120 80 94 4
6 114 79 72 6
7 114 79 85 13
8 114 79 53 6
9 120 80 39 7
10 114 79 91 8
83
587 233 220
10 100
1 80 60 72 16
2 168 114 111 9
3 114 98 74 10
4 126 108 64 6
5 120 80 94 10
6 120 80 31 13
7 120 100 108 12
8 114 79 85 15
9 120 80 39 5
10 168 114 76 4
84
587 233 220
10 100
1 114 79 72 6
2 80 60 65 4
3 114 98 74 12
4 80 60 72 8
5 114 79 85 11
6 120 100 105 16
7 114 79 114 18
8 168 114 111 6
9 114 79 91 6
10 120 80 74 13
85
587 233 220
10 100
1 120 80 74 11
2 114 98 74 6
3 120 80 31 13
4 80 60 72 20
5 120 100 105 17
6 120 111 115 7
7 114 79 114 14
8 126 108 64 3
9 168 114 111 3
10 120 80 39 6
86
587 233 220
10 100
1 114 98 74 15
2 120 100 108 15
3 120 80 31 14
4 120 111 115 7
5 80 60 72 15
6 120 80 94 9
7 120 80 39 10
8 120 80 74 12
9 80 60 33 3
87
587 233 220
10 100
1 80 60 72 15
2 120 80 31 18
3 120 100 105 13
4 114 79 53 7
5 120 80 94 10
6 120 80 39 5
7 114 79 114 15
8 168 114 76 4
9 120 111 115 6
10 114 79 72 7
88
587 233 220
10 100
1 114 98 74 10
2 114 79 114 18
3 114 79 85 9
4 120 80 31 17
5 126 108 64 11
6 168 114 111 8
7 80 60 72 8
8 120 80 74 9
9 120 80 39 7
10 114 79 72 3
89
587 233 220
10 100
1 120 80 39 5
2 80 60 53 8
3 114 79 53 10
4 168 114 111 3
5 114 79 114 22
6 120 100 105 15
7 120 100 108 11
8 114 79 72 7
9 120 80 31 10
10 114 98 74 9
90
587 233 220
10 100
1 114 79 114 23
2 114 98 74 7
3 120 100 108 10
4 80 60 33 4
5 120 111 115 9
6 114 79 85 14
7 120 80 94 10
8 126 108 64 7
9 80 60 72 12
10 114 79 53 4
91
587 233 220
10 100
1 120 80 74 8
2 120 100 105 14
3 80 60 53 7
4 120 111 115 11
5 114 79 53 8
6 120 80 94 7
7 114 79 114 25
8 168 114 76 4
9 120 100 108 13
10 114 79 72 3
92
587 233 220
10 100
1 80 60 33 4
2 114 79 114 19
3 120 80 74 12
4 168 114 111 8
5 80 60 72 11
6 120 80 39 5
7 120 100 105 19
8 120 80 31 9
9 80 60 65 6
10 120 100 108 7
93
587 233 220
10 100
1 120 80 31 13
2 80 60 33 4
3 114 79 85 16
4 120 80 74 11
5 120 111 115 8
6 114 79 114 23
7 114 79 53 6
8 168 114 111 10
9 120 80 39 6
10 114 79 72 3
94
587 233 220
10 100
1 114 79 114 14
2 168 114 76 11
3 80 60 72 18
4 114 79 53 8
5 114 79 85 14
6 120 80 31 9
7 120 80 94 4
8 168 114 111 4
9 120 80 74 8
10 114 98 74 10
95
587 233 220
10 100
1 120 111 115 8
2 114 79 85 10
3 80 60 65 8
4 120 100 105 15
5 114 79 114 18
6 120 80 31 12
7 120 80 94 9
8 114 98 74 7
9 120 80 74 11
10 80 60 33 2
96
587 233 220
10 100
1 120 100 105 14
2 114 79 114 17
3 114 98 74 6
4 168 114 111 7
5 114 79 85 14
6 120 80 74 13
7 114 79 91 6
8 120 100 108 10
9 80 60 33 6
10 126 108 64 7
97
587 233 220
10 100
1 120 100 105 21
2 114 98 74 10
3 80 60 72 9
4 114 79 114 18
5 114 79 72 10
6 120 80 31 9
7 80 60 53 11
8 168 114 111 4
9 126 108 64 5
10 114 79 91 3
98
587 233 220
10 100
1 120 100 105 15
2 114 79 114 13
3 120 80 39 11
4 80 60 65 8
5 120 100 108 17
6 80 60 53 10
7 168 114 76 3
8 120 80 74 12
9 126 108 64 5
10 114 79 85 6
99
587 233 220
10 100
1 120 80 74 6
2 114 79 114 20
3 114 98 74 9
4 80 60 65 2
5 114 79 72 9
6 80 60 72 14
7 120 100 108 12
8 120 80 31 7
9 120 100 105 15
10 120 80 39 6
100
587 233 220
10 100
1 120 80 94 15
2 114 79 91 7
3 80 60 72 11
4 120 80 74 13
5 120 100 108 14
6 80 60 53 5
7 168 114 111 12
8 120 100 105 13
9 120 111 115 4
10 126 108 64 6

Process finished with exit code 0
