100
1
587 233 220
15 200
1 114 79 114 28
2 114 79 53 12
3 168 114 111 12
4 120 100 108 19
5 120 100 105 20
6 120 80 31 15
7 114 98 74 11
8 126 108 64 11
9 120 80 39 13
10 80 60 72 14
11 80 60 33 4
12 120 80 94 20
13 168 114 76 9
14 80 60 65 6
15 114 79 85 6
2
587 233 220
15 200
1 114 79 85 15
2 126 108 64 12
3 120 80 74 16
4 114 98 74 15
5 114 79 91 4
6 120 100 108 17
7 80 60 72 21
8 120 80 31 17
9 120 111 115 8
10 80 60 53 10
11 114 79 114 22
12 120 100 105 21
13 168 114 76 9
14 80 60 65 9
15 114 79 72 4
3
587 233 220
15 200
1 120 100 105 24
2 114 79 114 23
3 120 80 74 19
4 80 60 72 16
5 120 80 31 19
6 120 80 39 9
7 120 111 115 16
8 114 98 74 11
9 80 60 65 6
10 80 60 53 11
11 120 100 108 14
12 114 79 72 11
13 168 114 111 7
14 114 79 53 6
15 126 108 64 8
4
587 233 220
15 200
1 120 80 31 15
2 114 98 74 20
3 114 79 85 11
4 114 79 114 34
5 120 100 105 23
6 114 79 72 6
7 120 80 74 14
8 80 60 65 8
9 120 100 108 19
10 120 111 115 8
11 80 60 72 18
12 168 114 111 3
13 120 80 94 8
14 80 60 53 10
15 80 60 33 3
5
587 233 220
15 200
1 120 80 39 7
2 120 80 94 14
3 120 100 108 17
4 114 79 114 29
5 120 80 74 18
6 114 98 74 11
7 120 100 105 24
8 120 80 31 20
9 168 114 111 10
10 114 79 91 5
11 126 108 64 7
12 114 79 85 16
13 114 79 53 11
14 80 60 65 8
15 80 60 33 3
6
587 233 220
15 200
1 114 79 114 23
2 120 111 115 8
3 114 79 53 15
4 114 79 85 19
5 80 60 53 13
6 80 60 65 11
7 120 80 39 8
8 80 60 33 9
9 120 100 105 25
10 80 60 72 18
11 120 80 74 11
12 168 114 76 13
13 126 108 64 7
14 114 79 72 8
15 120 80 94 12
7
587 233 220
15 200
1 80 60 72 16
2 114 79 85 16
3 120 100 105 25
4 114 79 114 25
5 120 80 94 12
6 120 100 108 16
7 120 80 39 10
8 168 114 76 9
9 168 114 111 8
10 114 79 91 7
11 120 80 31 20
12 114 79 72 12
13 114 79 53 10
14 120 111 115 10
15 80 60 65 4
8
587 233 220
15 200
1 120 100 108 14
2 80 60 72 25
3 120 111 115 12
4 120 80 74 15
5 114 79 85 12
6 114 79 114 31
7 168 114 76 6
8 120 80 94 8
9 114 79 72 10
10 120 80 39 4
11 120 80 31 12
12 120 100 105 30
13 80 60 65 7
14 114 79 53 7
15 80 60 53 7
9
587 233 220
15 200
1 120 80 74 15
2 120 100 105 27
3 168 114 76 12
4 114 79 91 5
5 114 79 72 12
6 80 60 72 20
7 114 79 85 18
8 114 79 53 12
9 114 98 74 10
10 80 60 65 7
11 120 111 115 13
12 120 80 39 13
13 114 79 114 16
14 80 60 33 11
15 126 108 64 9
10
587 233 220
15 200
1 120 80 74 15
2 120 80 39 13
3 114 98 74 7
4 114 79 114 20
5 120 100 105 27
6 120 80 31 13
7 114 79 53 18
8 120 100 108 14
9 126 108 64 12
10 80 60 72 17
11 120 80 94 11
12 168 114 111 15
13 120 111 115 8
14 80 60 53 5
15 114 79 72 5
11
587 233 220
15 200
1 120 80 31 15
2 120 100 105 20
3 114 79 114 29
4 120 80 74 18
5 80 60 72 21
6 120 80 94 13
7 168 114 111 5
8 120 80 39 7
9 114 98 74 13
10 80 60 33 5
11 80 60 53 13
12 126 108 64 9
13 120 100 108 22
14 114 79 53 4
15 168 114 76 6
12
587 233 220
15 200
1 114 79 91 9
2 114 79 114 27
3 114 79 53 11
4 80 60 72 17
5 120 111 115 12
6 120 80 31 18
7 80 60 65 8
8 120 80 74 3
9 114 79 72 10
10 120 100 105 25
11 114 79 85 10
12 126 108 64 12
13 120 100 108 14
14 168 114 111 11
15 168 114 76 13
13
587 233 220
15 200
1 126 108 64 10
2 120 80 74 15
3 114 79 85 18
4 80 60 72 20
5 120 100 105 24
6 114 79 114 35
7 120 80 39 6
8 120 80 94 5
9 114 79 53 14
10 114 79 72 10
11 114 79 91 10
12 120 80 31 8
13 168 114 76 8
14 80 60 65 8
15 114 98 74 9
14
587 233 220
15 200
1 114 79 114 23
2 120 80 39 15
3 114 79 72 7
4 126 108 64 6
5 120 80 31 12
6 114 79 85 13
7 114 98 74 16
8 120 80 94 15
9 120 100 105 26
10 120 80 74 12
11 120 100 108 17
12 80 60 72 10
13 80 60 65 10
14 168 114 76 14
15 80 60 53 4
15
587 233 220
15 200
1 120 111 115 11
2 120 80 74 19
3 120 100 105 30
4 168 114 111 6
5 114 79 114 20
6 168 114 76 6
7 120 80 31 13
8 114 79 53 10
9 80 60 72 12
10 120 80 94 17
11 114 79 85 12
12 120 100 108 15
13 126 108 64 12
14 120 80 39 11
15 80 60 33 6
16
587 233 220
15 200
1 120 80 94 10
2 168 114 111 12
3 114 79 53 8
4 114 79 72 8
5 120 80 74 14
6 168 114 76 4
7 120 111 115 18
8 114 79 114 25
9 80 60 72 23
10 120 100 105 16
11 120 80 39 13
12 114 98 74 12
13 120 100 108 10
14 120 80 31 14
15 114 79 85 13
17
587 233 220
15 200
1 114 79 114 29
2 126 108 64 6
3 114 98 74 12
4 120 100 105 24
5 80 60 72 20
6 120 80 74 13
7 114 79 85 20
8 168 114 111 13
9 114 79 53 10
10 120 80 39 12
11 120 80 31 13
12 80 60 33 2
13 120 80 94 14
14 114 79 91 6
15 114 79 72 6
18
587 233 220
15 200
1 120 80 94 16
2 120 100 108 17
3 114 79 114 39
4 120 100 105 30
5 168 114 76 8
6 80 60 33 3
7 80 60 72 16
8 168 114 111 9
9 114 79 72 9
10 80 60 65 8
11 114 79 91 6
12 120 80 31 21
13 120 80 39 10
14 120 80 74 5
15 126 108 64 3
19
587 233 220
15 200
1 168 114 111 7
2 120 100 108 16
3 114 79 85 17
4 120 111 115 9
5 120 80 31 18
6 120 100 105 21
7 114 98 74 12
8 80 60 65 9
9 80 60 33 7
10 80 60 72 21
11 114 79 114 30
12 120 80 39 13
13 120 80 94 9
14 80 60 53 5
15 114 79 91 6
20
587 233 220
15 200
1 120 80 39 13
2 120 100 108 19
3 168 114 76 7
4 120 100 105 26
5 114 79 114 25
6 114 79 91 5
7 80 60 33 10
8 114 79 85 14
9 120 80 31 17
10 120 111 115 20
11 126 108 64 4
12 114 98 74 12
13 120 80 74 17
14 114 79 53 8
15 168 114 111 3
21
587 233 220
15 200
1 120 80 94 15
2 80 60 65 8
3 114 79 114 27
4 120 100 108 19
5 114 79 72 5
6 114 79 85 9
7 120 111 115 15
8 80 60 72 20
9 114 79 53 11
10 120 100 105 21
11 120 80 39 12
12 114 98 74 13
13 168 114 111 11
14 126 108 64 5
15 80 60 53 9
22
587 233 220
15 200
1 80 60 72 15
2 120 100 108 17
3 120 80 31 16
4 120 80 39 11
5 114 98 74 15
6 120 100 105 17
7 114 79 114 32
8 168 114 111 12
9 80 60 33 7
10 80 60 65 10
11 120 80 94 4
12 114 79 85 11
13 120 80 74 10
14 114 79 53 16
15 126 108 64 7
23
587 233 220
15 200
1 120 111 115 16
2 114 79 114 29
3 114 79 72 8
4 168 114 76 5
5 120 100 105 23
6 80 60 72 29
7 114 79 91 7
8 114 79 85 13
9 120 80 31 15
10 120 80 39 8
11 126 108 64 10
12 114 79 53 5
13 80 60 53 7
14 120 80 94 11
15 120 100 108 14
24
587 233 220
15 200
1 114 98 74 13
2 80 60 33 8
3 120 111 115 18
4 114 79 85 9
5 120 100 108 15
6 114 79 53 12
7 120 100 105 22
8 120 80 31 24
9 120 80 74 12
10 114 79 114 30
11 80 60 53 9
12 80 60 72 14
13 120 80 39 7
14 114 79 91 5
15 80 60 65 2
25
587 233 220
15 200
1 114 79 72 5
2 114 79 114 20
3 120 80 39 12
4 120 100 105 28
5 114 79 85 15
6 80 60 65 9
7 168 114 111 10
8 120 100 108 14
9 114 98 74 10
10 80 60 72 19
11 114 79 91 7
12 120 80 31 13
13 120 80 74 18
14 120 111 115 11
15 114 79 53 9
26
587 233 220
15 200
1 120 80 74 18
2 114 79 114 23
3 168 114 76 7
4 120 100 105 17
5 114 98 74 21
6 120 100 108 18
7 114 79 91 9
8 168 114 111 10
9 114 79 53 7
10 120 80 31 20
11 114 79 85 11
12 80 60 72 21
13 120 80 94 8
14 120 111 115 5
15 126 108 64 5
27
587 233 220
15 200
1 114 79 114 31
2 120 111 115 13
3 114 79 53 12
4 114 98 74 17
5 120 100 105 23
6 80 60 33 11
7 120 80 31 18
8 168 114 76 11
9 120 100 108 20
10 168 114 111 3
11 120 80 39 10
12 120 80 74 11
13 80 60 65 8
14 80 60 53 8
15 126 108 64 4
28
587 233 220
15 200
1 80 60 72 21
2 114 79 85 14
3 80 60 33 9
4 120 80 31 16
5 114 79 114 23
6 168 114 76 11
7 168 114 111 11
8 120 111 115 13
9 120 100 108 15
10 120 100 105 15
11 120 80 94 10
12 114 79 72 6
13 120 80 74 14
14 114 98 74 11
15 80 60 65 11
29
587 233 220
15 200
1 120 100 108 18
2 114 79 85 15
3 114 79 91 5
4 80 60 65 9
5 114 79 72 9
6 168 114 76 10
7 120 111 115 11
8 114 79 114 28
9 120 100 105 29
10 80 60 53 5
11 126 108 64 11
12 114 98 74 12
13 120 80 39 14
14 120 80 94 13
15 80 60 72 11
30
587 233 220
15 200
1 80 60 72 23
2 120 100 105 28
3 114 79 114 25
4 120 80 74 13
5 120 111 115 13
6 120 80 31 19
7 114 98 74 14
8 80 60 33 10
9 114 79 53 12
10 126 108 64 5
11 114 79 85 15
12 114 79 91 7
13 80 60 65 4
14 168 114 76 7
15 80 60 53 5
31
587 233 220
15 200
1 114 79 114 20
2 80 60 65 3
3 114 79 85 13
4 126 108 64 8
5 114 79 91 11
6 114 98 74 16
7 120 100 105 31
8 120 111 115 16
9 80 60 53 7
10 120 80 31 25
11 120 100 108 13
12 168 114 111 8
13 114 79 72 8
14 80 60 72 14
15 120 80 39 7
32
587 233 220
15 200
1 80 60 65 4
2 120 80 31 16
3 120 80 39 11
4 114 79 114 29
5 114 79 85 12
6 120 100 108 21
7 120 100 105 25
8 80 60 72 21
9 114 98 74 8
10 120 80 74 8
11 126 108 64 9
12 168 114 76 10
13 168 114 111 10
14 80 60 33 11
15 114 79 72 5
33
587 233 220
15 200
1 120 100 105 27
2 168 114 76 5
3 120 80 39 9
4 120 111 115 17
5 168 114 111 5
6 114 98 74 11
7 114 79 72 6
8 114 79 114 28
9 120 80 31 18
10 120 80 74 20
11 120 100 108 16
12 126 108 64 8
13 114 79 91 8
14 120 80 94 12
15 80 60 65 10
34
587 233 220
15 200
1 120 80 94 11
2 120 100 105 29
3 114 98 74 13
4 120 111 115 8
5 120 80 74 11
6 114 79 114 29
7 120 80 31 13
8 114 79 72 6
9 80 60 33 9
10 120 100 108 20
11 168 114 111 9
12 120 80 39 11
13 80 60 72 15
14 126 108 64 9
15 80 60 53 7
35
587 233 220
15 200
1 120 100 108 29
2 120 100 105 16
3 120 111 115 8
4 114 79 91 9
5 114 79 114 31
6 114 79 85 12
7 80 60 72 15
8 120 80 31 14
9 120 80 94 12
10 120 80 74 10
11 80 60 53 9
12 168 114 111 10
13 114 98 74 10
14 120 80 39 13
15 114 79 72 2
36
587 233 220
15 200
1 114 79 114 28
2 120 80 31 19
3 80 60 72 18
4 80 60 53 6
5 168 114 76 8
6 114 98 74 15
7 120 100 105 24
8 114 79 85 17
9 120 100 108 15
10 80 60 33 11
11 168 114 111 11
12 114 79 91 5
13 120 80 74 9
14 80 60 65 8
15 126 108 64 6
37
587 233 220
15 200
1 114 98 74 16
2 126 108 64 7
3 80 60 53 7
4 120 100 105 23
5 114 79 85 13
6 114 79 114 24
7 80 60 72 15
8 120 80 39 13
9 80 60 33 4
10 120 100 108 12
11 114 79 53 8
12 120 80 74 20
13 120 80 31 17
14 168 114 111 7
15 120 111 115 14
38
587 233 220
15 200
1 80 60 53 13
2 114 79 85 16
3 120 111 115 10
4 120 100 105 25
5 120 80 31 11
6 80 60 72 24
7 114 79 53 9
8 120 100 108 17
9 114 79 114 33
10 114 79 72 4
11 120 80 39 13
12 80 60 65 10
13 126 108 64 3
14 168 114 76 9
15 80 60 33 3
39
587 233 220
15 200
1 120 80 31 10
2 120 100 108 24
3 114 79 114 30
4 120 80 74 15
5 114 79 85 10
6 120 80 94 17
7 120 100 105 24
8 114 79 53 13
9 114 98 74 19
10 114 79 91 5
11 80 60 33 11
12 80 60 65 5
13 80 60 53 8
14 126 108 64 6
15 168 114 111 3
40
587 233 220
15 200
1 114 79 114 22
2 114 98 74 14
3 168 114 111 9
4 168 114 76 13
5 120 80 74 18
6 80 60 72 19
7 120 100 105 23
8 120 111 115 8
9 114 79 53 7
10 120 80 39 10
11 120 100 108 14
12 126 108 64 5
13 114 79 85 16
14 120 80 31 15
15 80 60 53 7
41
587 233 220
15 200
1 120 80 31 16
2 120 80 94 13
3 120 80 74 15
4 80 60 53 9
5 80 60 65 4
6 80 60 72 21
7 114 79 114 28
8 114 79 85 13
9 114 79 91 5
10 120 80 39 9
11 120 100 108 25
12 120 111 115 12
13 168 114 76 4
14 120 100 105 20
15 114 79 53 6
42
587 233 220
15 200
1 80 60 72 20
2 120 80 94 13
3 120 80 74 9
4 114 79 114 23
5 120 80 31 23
6 120 100 108 22
7 120 100 105 24
8 80 60 33 7
9 120 111 115 7
10 80 60 53 8
11 114 79 72 7
12 114 98 74 12
13 114 79 53 8
14 168 114 111 9
15 168 114 76 8
43
587 233 220
15 200
1 168 114 111 6
2 126 108 64 8
3 114 79 114 23
4 114 79 91 8
5 80 60 72 17
6 120 100 105 16
7 114 98 74 14
8 120 80 74 18
9 114 79 53 12
10 114 79 85 13
11 120 100 108 15
12 120 80 39 15
13 120 80 94 13
14 120 80 31 19
15 120 111 115 3
44
587 233 220
15 200
1 114 79 114 28
2 126 108 64 8
3 120 100 105 18
4 80 60 72 20
5 114 79 85 11
6 120 111 115 15
7 120 80 94 12
8 114 79 53 12
9 120 100 108 16
10 120 80 31 23
11 80 60 53 8
12 120 80 74 11
13 80 60 65 10
14 114 79 91 2
15 168 114 111 6
45
587 233 220
15 200
1 120 100 108 19
2 126 108 64 4
3 114 98 74 8
4 120 80 74 15
5 114 79 53 13
6 120 80 39 17
7 114 79 114 23
8 120 100 105 22
9 80 60 72 16
10 80 60 33 9
11 120 80 94 15
12 120 80 31 18
13 80 60 53 5
14 168 114 111 9
15 120 111 115 7
46
587 233 220
15 200
1 120 80 74 15
2 168 114 111 12
3 120 100 105 27
4 80 60 33 7
5 80 60 53 8
6 120 111 115 15
7 114 79 72 9
8 114 79 114 30
9 114 79 85 14
10 80 60 65 9
11 114 79 53 12
12 114 79 91 10
13 120 80 31 16
14 120 80 39 10
15 120 80 94 6
47
587 233 220
15 200
1 114 79 85 12
2 114 79 114 36
3 120 80 31 26
4 120 80 39 5
5 126 108 64 5
6 80 60 72 18
7 114 98 74 14
8 120 80 94 10
9 168 114 111 8
10 120 111 115 13
11 120 80 74 15
12 114 79 91 7
13 120 100 108 15
14 168 114 76 9
15 80 60 33 7
48
587 233 220
15 200
1 120 80 74 9
2 80 60 65 6
3 120 100 108 19
4 114 79 53 12
5 120 80 39 11
6 168 114 76 6
7 120 80 31 12
8 80 60 72 17
9 114 79 114 33
10 114 98 74 18
11 114 79 85 8
12 120 111 115 12
13 120 100 105 21
14 80 60 33 9
15 80 60 53 7
49
587 233 220
15 200
1 80 60 72 23
2 120 80 31 15
3 114 79 53 10
4 120 100 105 31
5 120 100 108 11
6 120 80 94 6
7 114 79 85 10
8 114 79 72 7
9 168 114 111 14
10 120 80 39 16
11 114 79 114 25
12 120 111 115 13
13 114 79 91 5
14 80 60 53 9
15 114 98 74 5
50
587 233 220
15 200
1 114 79 85 10
2 114 79 114 25
3 120 100 105 27
4 80 60 72 18
5 120 100 108 19
6 126 108 64 6
7 120 80 31 19
8 120 80 94 7
9 114 98 74 12
10 120 80 74 18
11 114 79 91 6
12 80 60 53 5
13 80 60 33 13
14 120 80 39 5
15 168 114 111 10
51
587 233 220
15 200
1 80 60 72 25
2 114 79 85 19
3 114 79 53 8
4 120 100 105 19
5 120 80 39 12
6 114 98 74 13
7 120 80 74 20
8 168 114 76 13
9 80 60 53 9
10 126 108 64 10
11 120 80 94 14
12 80 60 33 9
13 120 80 31 20
14 120 111 115 5
15 114 79 72 4
52
587 233 220
15 200
1 80 60 72 20
2 120 111 115 19
3 114 79 114 28
4 120 100 105 26
5 80 60 33 5
6 120 80 74 20
7 120 100 108 14
8 114 79 91 4
9 80 60 53 8
10 120 80 94 11
11 126 108 64 8
12 114 79 72 8
13 114 79 53 9
14 114 79 85 16
15 168 114 76 4
53
587 233 220
15 200
1 120 80 31 15
2 120 111 115 11
3 120 100 105 21
4 114 79 72 10
5 80 60 65 18
6 120 80 74 18
7 114 79 114 25
8 80 60 72 22
9 120 80 39 7
10 120 100 108 18
11 126 108 64 8
12 114 79 91 2
13 80 60 33 10
14 168 114 76 8
15 114 79 53 7
54
587 233 220
15 200
1 114 79 53 15
2 114 98 74 18
3 120 100 105 27
4 120 80 94 13
5 120 100 108 16
6 114 79 114 24
7 120 80 31 18
8 80 60 72 15
9 120 80 74 14
10 80 60 65 7
11 120 80 39 4
12 80 60 53 5
13 168 114 111 7
14 120 111 115 10
15 168 114 76 7
55
587 233 220
15 200
1 120 80 31 20
2 120 80 39 12
3 120 100 105 21
4 114 79 114 32
5 168 114 76 5
6 80 60 72 21
7 114 79 85 11
8 120 80 74 11
9 80 60 53 8
10 80 60 65 6
11 114 79 72 6
12 120 80 94 15
13 114 98 74 12
14 168 114 111 16
15 114 79 91 4
56
587 233 220
15 200
1 80 60 65 8
2 114 98 74 13
3 120 100 105 24
4 120 80 31 17
5 80 60 72 15
6 114 79 114 28
7 168 114 111 7
8 126 108 64 6
9 120 100 108 15
10 120 111 115 12
11 114 79 85 15
12 120 80 39 6
13 114 79 53 8
14 120 80 94 11
15 120 80 74 15
57
587 233 220
15 200
1 120 80 31 16
2 120 80 39 12
3 120 111 115 12
4 80 60 72 19
5 120 80 74 12
6 114 79 72 2
7 120 100 108 17
8 114 79 114 29
9 114 98 74 18
10 168 114 76 11
11 120 100 105 25
12 168 114 111 8
13 80 60 53 8
14 114 79 91 6
15 80 60 33 5
58
587 233 220
15 200
1 120 80 74 11
2 120 80 31 20
3 120 100 108 23
4 114 79 85 6
5 114 98 74 7
6 80 60 72 23
7 114 79 114 32
8 120 111 115 14
9 120 80 94 4
10 114 79 72 4
11 120 100 105 16
12 80 60 65 10
13 120 80 39 15
14 80 60 33 10
15 80 60 53 5
59
587 233 220
15 200
1 168 114 76 11
2 120 100 105 27
3 114 79 91 6
4 120 80 31 23
5 80 60 72 11
6 120 80 94 6
7 120 100 108 22
8 114 79 114 19
9 114 98 74 14
10 120 80 74 14
11 120 111 115 14
12 80 60 53 7
13 114 79 85 11
14 120 80 39 13
15 80 60 33 2
60
587 233 220
15 200
1 114 79 72 9
2 120 100 108 17
3 168 114 76 7
4 80 60 72 21
5 120 80 31 22
6 120 80 94 10
7 114 98 74 11
8 120 100 105 18
9 114 79 114 27
10 120 80 39 11
11 126 108 64 8
12 120 80 74 10
13 114 79 85 9
14 80 60 65 10
15 120 111 115 10
61
587 233 220
15 200
1 120 80 74 10
2 114 79 53 19
3 120 80 31 20
4 120 100 108 20
5 120 80 39 13
6 120 100 105 24
7 168 114 76 11
8 80 60 33 9
9 114 98 74 18
10 114 79 85 8
11 114 79 72 6
12 120 111 115 11
13 168 114 111 11
14 80 60 65 7
15 120 80 94 13
62
587 233 220
15 200
1 80 60 33 9
2 80 60 72 23
3 120 100 105 28
4 120 80 94 10
5 120 80 74 13
6 114 79 114 29
7 126 108 64 6
8 80 60 65 7
9 120 80 39 8
10 114 79 72 9
11 120 80 31 17
12 168 114 111 10
13 114 98 74 7
14 120 111 115 10
15 120 100 108 14
63
587 233 220
15 200
1 120 80 31 15
2 120 100 108 21
3 120 80 94 9
4 80 60 65 12
5 120 100 105 17
6 114 79 114 40
7 120 80 74 9
8 120 80 39 12
9 114 98 74 10
10 80 60 72 14
11 114 79 53 7
12 114 79 85 14
13 168 114 76 5
14 114 79 72 7
15 120 111 115 8
64
587 233 220
15 200
1 114 79 114 25
2 120 100 108 20
3 120 100 105 21
4 120 80 94 11
5 120 80 39 6
6 80 60 72 13
7 120 80 31 21
8 168 114 111 14
9 80 60 53 10
10 168 114 76 10
11 80 60 33 7
12 120 80 74 18
13 114 79 91 9
14 80 60 65 8
15 114 79 72 7
65
587 233 220
15 200
1 80 60 72 24
2 120 100 105 19
3 80 60 33 9
4 80 60 53 13
5 120 80 39 10
6 114 79 114 30
7 120 111 115 11
8 114 98 74 15
9 114 79 85 13
10 114 79 53 9
11 120 100 108 11
12 168 114 111 6
13 120 80 74 13
14 126 108 64 6
15 120 80 31 11
66
587 233 220
15 200
1 120 100 105 18
2 120 80 94 14
3 120 100 108 19
4 168 114 111 11
5 120 80 74 19
6 114 79 91 8
7 114 79 114 22
8 80 60 65 10
9 80 60 72 16
10 120 80 31 20
11 120 111 115 11
12 80 60 53 4
13 114 79 85 19
14 114 79 53 8
15 80 60 33 1
67
587 233 220
15 200
1 120 80 74 10
2 114 79 114 25
3 120 111 115 14
4 120 100 105 26
5 114 79 85 13
6 114 79 72 9
7 168 114 76 8
8 120 80 31 12
9 80 60 33 7
10 126 108 64 11
11 80 60 72 17
12 120 100 108 18
13 120 80 94 13
14 114 79 91 8
15 168 114 111 9
68
587 233 220
15 200
1 114 79 114 27
2 80 60 72 18
3 168 114 76 6
4 120 100 105 28
5 168 114 111 6
6 114 79 85 17
7 120 80 31 17
8 120 100 108 12
9 120 111 115 16
10 120 80 94 7
11 114 79 53 16
12 114 79 91 7
13 120 80 74 12
14 80 60 33 6
15 114 79 72 5
69
587 233 220
15 200
1 80 60 72 21
2 80 60 65 3
3 120 80 74 19
4 120 100 108 25
5 114 79 91 8
6 120 80 31 18
7 120 80 39 8
8 114 79 53 5
9 120 80 94 11
10 114 79 85 15
11 168 114 111 11
12 126 108 64 7
13 120 100 105 29
14 168 114 76 8
15 120 111 115 12
70
587 233 220
15 200
1 114 98 74 13
2 114 79 72 9
3 114 79 114 26
4 120 100 108 21
5 120 80 94 14
6 80 60 72 19
7 114 79 85 19
8 120 100 105 21
9 114 79 91 4
10 126 108 64 12
11 80 60 33 7
12 114 79 53 11
13 168 114 111 9
14 120 80 74 9
15 168 114 76 6
71
587 233 220
15 200
1 80 60 72 26
2 120 100 105 20
3 120 80 39 5
4 80 60 65 11
5 114 79 114 26
6 168 114 111 12
7 120 111 115 14
8 120 100 108 18
9 114 79 85 15
10 120 80 31 18
11 114 98 74 9
12 126 108 64 6
13 168 114 76 5
14 114 79 91 11
15 80 60 53 4
72
587 233 220
15 200
1 114 79 114 24
2 114 79 53 12
3 120 100 108 13
4 120 80 94 8
5 120 111 115 11
6 114 79 72 8
7 80 60 65 9
8 120 80 74 16
9 80 60 72 27
10 168 114 76 9
11 120 100 105 22
12 114 79 85 14
13 168 114 111 11
14 114 98 74 10
15 80 60 33 6
73
587 233 220
15 200
1 120 80 74 17
2 80 60 65 12
3 120 100 105 16
4 80 60 72 15
5 114 98 74 13
6 114 79 85 13
7 120 100 108 14
8 114 79 114 28
9 120 80 39 11
10 80 60 33 7
11 114 79 53 13
12 120 80 31 19
13 80 60 53 6
14 114 79 91 10
15 168 114 76 6
74
587 233 220
15 200
1 168 114 76 12
2 120 100 105 23
3 114 79 91 8
4 114 98 74 11
5 114 79 114 28
6 80 60 72 15
7 120 100 108 19
8 114 79 85 16
9 120 80 74 16
10 120 80 31 12
11 114 79 53 8
12 126 108 64 5
13 168 114 111 11
14 120 80 39 11
15 80 60 65 5
75
587 233 220
15 200
1 120 100 108 15
2 80 60 65 6
3 120 111 115 8
4 114 98 74 16
5 80 60 53 8
6 80 60 72 20
7 120 100 105 24
8 114 79 91 9
9 80 60 33 6
10 114 79 114 24
11 168 114 76 9
12 114 79 85 13
13 120 80 74 17
14 120 80 31 20
15 114 79 72 5
76
587 233 220
15 200
1 120 100 105 22
2 114 79 114 26
3 114 79 72 12
4 80 60 33 13
5 80 60 72 14
6 114 79 53 11
7 114 79 85 14
8 120 80 39 9
9 120 100 108 18
10 126 108 64 4
11 120 80 74 18
12 168 114 76 16
13 114 79 91 5
14 168 114 111 7
15 120 80 31 11
77
587 233 220
15 200
1 114 79 114 27
2 120 80 74 16
3 114 98 74 14
4 114 79 85 14
5 80 60 72 18
6 126 108 64 9
7 120 80 31 19
8 120 80 94 9
9 120 100 105 25
10 114 79 72 9
11 120 80 39 8
12 120 111 115 12
13 120 100 108 12
14 80 60 65 6
15 168 114 76 2
78
587 233 220
15 200
1 120 100 108 17
2 114 98 74 13
3 114 79 53 15
4 120 80 31 22
5 114 79 114 32
6 114 79 91 6
7 120 80 94 7
8 80 60 33 10
9 80 60 53 9
10 120 80 74 22
11 120 111 115 9
12 168 114 111 10
13 80 60 72 17
14 80 60 65 6
15 114 79 72 5
79
587 233 220
15 200
1 114 79 114 36
2 120 111 115 13
3 120 100 105 26
4 80 60 72 11
5 168 114 111 11
6 120 80 31 15
7 120 80 74 10
8 80 60 65 8
9 114 79 85 15
10 120 80 94 9
11 168 114 76 8
12 80 60 33 6
13 120 100 108 11
14 120 80 39 11
15 126 108 64 10
80
587 233 220
15 200
1 120 100 105 27
2 114 79 85 14
3 120 111 115 11
4 80 60 72 19
5 168 114 111 10
6 80 60 65 7
7 80 60 33 7
8 114 79 114 29
9 120 80 31 19
10 80 60 53 7
11 120 80 94 12
12 120 80 39 17
13 120 80 74 11
14 120 100 108 6
15 114 79 72 4
81
587 233 220
15 200
1 120 80 31 18
2 120 111 115 7
3 120 80 74 16
4 80 60 53 8
5 120 100 105 19
6 114 79 85 16
7 80 60 72 20
8 114 98 74 9
9 114 79 114 26
10 168 114 111 7
11 120 100 108 14
12 114 79 72 9
13 120 80 94 16
14 114 79 53 11
15 114 79 91 4
82
587 233 220
15 200
1 120 100 105 24
2 80 60 65 11
3 114 79 114 29
4 120 80 94 10
5 120 80 74 17
6 114 79 72 8
7 114 79 85 8
8 120 80 39 15
9 114 98 74 15
10 120 80 31 11
11 168 114 76 7
12 114 79 53 14
13 114 79 91 8
14 80 60 33 5
15 80 60 72 18
83
587 233 220
15 200
1 80 60 72 21
2 120 80 74 12
3 120 80 94 11
4 120 80 31 11
5 120 100 108 23
6 114 79 85 10
7 114 79 114 29
8 126 108 64 2
9 168 114 111 8
10 80 60 65 6
11 120 111 115 13
12 114 79 91 9
13 120 100 105 25
14 120 80 39 10
15 114 79 72 10
84
587 233 220
15 200
1 114 79 114 30
2 120 80 31 15
3 114 98 74 15
4 120 80 74 18
5 80 60 53 11
6 80 60 72 12
7 120 100 105 27
8 114 79 53 13
9 114 79 72 3
10 120 80 39 11
11 168 114 76 6
12 114 79 85 17
13 80 60 65 6
14 168 114 111 9
15 114 79 91 7
85
587 233 220
15 200
1 120 100 108 17
2 114 79 91 3
3 80 60 53 7
4 120 100 105 28
5 114 79 114 27
6 80 60 72 19
7 114 79 85 10
8 120 80 74 12
9 114 98 74 14
10 114 79 72 10
11 120 111 115 14
12 80 60 65 8
13 114 79 53 12
14 120 80 94 11
15 80 60 33 8
86
587 233 220
15 200
1 168 114 76 13
2 120 80 94 12
3 80 60 53 9
4 114 98 74 17
5 80 60 72 20
6 120 100 105 19
7 114 79 114 28
8 120 100 108 17
9 168 114 111 9
10 114 79 53 10
11 80 60 65 6
12 114 79 72 6
13 120 80 31 22
14 114 79 91 6
15 120 111 115 6
87
587 233 220
15 200
1 120 100 105 24
2 120 80 94 13
3 120 80 31 22
4 114 79 114 19
5 114 79 91 8
6 80 60 33 7
7 120 100 108 18
8 114 79 72 8
9 168 114 111 13
10 126 108 64 6
11 80 60 72 14
12 114 79 53 18
13 114 98 74 15
14 80 60 53 9
15 80 60 65 6
88
587 233 220
15 200
1 120 100 108 17
2 114 79 114 29
3 120 80 39 12
4 120 100 105 23
5 120 80 94 8
6 120 111 115 15
7 120 80 74 17
8 114 79 53 10
9 80 60 72 16
10 120 80 31 13
11 114 98 74 14
12 114 79 85 12
13 126 108 64 4
14 114 79 91 6
15 114 79 72 4
89
587 233 220
15 200
1 114 79 85 16
2 120 80 39 8
3 120 100 108 21
4 120 80 31 20
5 120 100 105 36
6 80 60 33 2
7 114 79 72 4
8 120 80 94 10
9 168 114 76 9
10 80 60 53 7
11 120 80 74 14
12 80 60 65 9
13 114 98 74 17
14 120 111 115 9
15 80 60 72 18
90
587 233 220
15 200
1 114 79 85 20
2 120 100 105 33
3 126 108 64 9
4 80 60 72 15
5 80 60 53 7
6 168 114 76 13
7 120 100 108 21
8 80 60 65 8
9 120 80 39 13
10 120 80 31 17
11 168 114 111 10
12 114 79 53 10
13 114 79 91 7
14 120 80 94 5
15 120 80 74 12
91
587 233 220
15 200
1 120 80 74 15
2 114 79 85 16
3 120 111 115 20
4 80 60 72 15
5 120 100 105 25
6 114 79 72 6
7 120 80 94 20
8 114 98 74 7
9 114 79 53 10
10 114 79 91 7
11 168 114 111 9
12 80 60 53 4
13 114 79 114 26
14 120 100 108 14
15 126 108 64 6
92
587 233 220
15 200
1 120 100 108 27
2 114 79 114 19
3 120 111 115 15
4 114 79 85 14
5 120 80 31 20
6 168 114 111 8
7 126 108 64 7
8 80 60 72 26
9 114 98 74 11
10 114 79 91 8
11 80 60 33 11
12 114 79 72 9
13 114 79 53 6
14 120 80 94 9
15 120 80 74 10
93
587 233 220
15 200
1 114 79 114 31
2 120 100 105 20
3 80 60 72 18
4 120 80 74 11
5 114 79 91 8
6 168 114 111 10
7 120 80 31 13
8 80 60 33 10
9 80 60 65 9
10 114 98 74 12
11 168 114 76 14
12 80 60 53 7
13 120 80 39 12
14 114 79 85 12
15 120 100 108 13
94
587 233 220
15 200
1 120 100 105 25
2 120 80 31 16
3 120 80 94 12
4 114 98 74 12
5 120 100 108 13
6 80 60 72 31
7 114 79 114 21
8 114 79 53 14
9 120 80 39 15
10 80 60 65 6
11 120 80 74 6
12 168 114 76 5
13 120 111 115 9
14 80 60 53 7
15 168 114 111 8
95
587 233 220
15 200
1 114 79 53 11
2 120 100 105 26
3 120 100 108 8
4 114 79 85 18
5 114 98 74 10
6 120 80 94 7
7 114 79 114 22
8 114 79 72 10
9 120 80 74 17
10 80 60 53 9
11 80 60 72 16
12 120 80 31 21
13 126 108 64 7
14 80 60 65 4
15 80 60 33 14
96
587 233 220
15 200
1 114 79 114 23
2 120 80 74 20
3 120 100 105 24
4 80 60 72 18
5 114 79 85 16
6 120 111 115 12
7 120 80 39 9
8 120 80 31 19
9 114 98 74 9
10 120 100 108 12
11 80 60 65 9
12 168 114 76 6
13 114 79 53 8
14 114 79 72 8
15 120 80 94 7
97
587 233 220
15 200
1 114 79 114 32
2 80 60 65 7
3 80 60 72 19
4 114 79 85 12
5 168 114 111 5
6 120 100 105 27
7 114 79 91 8
8 120 80 39 11
9 80 60 33 10
10 114 79 53 17
11 80 60 53 8
12 120 111 115 9
13 168 114 76 6
14 114 98 74 9
15 120 80 31 20
98
587 233 220
15 200
1 120 80 31 20
2 114 79 72 10
3 120 80 94 17
4 114 79 114 23
5 80 60 72 16
6 114 79 53 13
7 120 80 74 16
8 80 60 65 10
9 168 114 76 11
10 120 100 105 24
11 126 108 64 8
12 168 114 111 5
13 80 60 53 11
14 114 98 74 12
15 120 111 115 4
99
587 233 220
15 200
1 80 60 53 9
2 168 114 111 14
3 120 100 108 23
4 120 80 39 11
5 80 60 72 24
6 120 80 94 14
7 120 80 31 15
8 120 100 105 22
9 126 108 64 7
10 114 79 72 9
11 80 60 33 8
12 114 79 85 13
13 120 80 74 17
14 114 79 53 7
15 80 60 65 7
100
587 233 220
15 200
1 114 79 114 33
2 80 60 53 7
3 120 100 105 21
4 120 80 94 12
5 120 80 31 16
6 120 80 74 11
7 114 79 53 7
8 80 60 72 17
9 80 60 65 8
10 120 100 108 16
11 120 80 39 14
12 168 114 76 10
13 168 114 111 11
14 80 60 33 6
15 114 98 74 11
