
1
587 233 220
10 200
1 114 79 85 22
2 120 100 105 30
3 120 80 94 17
4 80 60 72 29
5 114 79 114 38
6 114 98 74 18
7 120 80 74 13
8 168 114 111 11
9 80 60 33 12
10 126 108 64 10
2
587 233 220
10 200
1 80 60 72 22
2 114 79 85 23
3 168 114 76 23
4 114 98 74 21
5 120 111 115 20
6 120 100 105 26
7 120 100 108 20
8 120 80 74 25
9 168 114 111 11
10 114 79 91 9
3
587 233 220
10 200
1 120 100 105 38
2 80 60 72 26
3 114 79 114 42
4 120 80 39 19
5 120 111 115 21
6 80 60 33 9
7 120 80 74 12
8 80 60 65 7
9 168 114 111 11
10 120 80 94 15
4
587 233 220
10 200
1 114 79 85 23
2 114 79 114 31
3 120 80 31 22
4 114 79 53 16
5 80 60 72 29
6 120 100 108 29
7 120 80 94 14
8 126 108 64 13
9 80 60 65 14
10 114 79 72 9
5
587 233 220
10 200
1 80 60 53 10
2 120 80 31 22
3 120 80 94 22
4 120 100 108 23
5 80 60 72 27
6 120 80 39 20
7 114 79 114 36
8 114 98 74 13
9 114 79 85 18
10 80 60 33 9
6
587 233 220
10 200
1 120 111 115 18
2 80 60 72 28
3 114 79 114 40
4 120 100 105 29
5 120 100 108 26
6 120 80 94 14
7 80 60 65 8
8 114 98 74 13
9 120 80 74 15
10 114 79 72 9
7
587 233 220
10 200
1 120 80 31 22
2 114 79 53 17
3 114 79 114 41
4 114 98 74 19
5 168 114 76 11
6 120 100 108 33
7 120 80 74 22
8 80 60 65 14
9 80 60 33 11
10 80 60 53 10
8
587 233 220
10 200
1 120 100 105 36
2 80 60 72 29
3 114 98 74 22
4 168 114 111 19
5 120 111 115 19
6 80 60 53 9
7 120 80 39 14
8 114 79 114 33
9 114 79 72 9
10 168 114 76 10
9
587 233 220
10 200
1 80 60 72 19
2 114 79 114 36
3 120 100 105 35
4 120 80 74 18
5 120 100 108 30
6 120 80 31 29
7 80 60 65 6
8 114 79 85 15
9 120 80 94 10
10 80 60 33 2
10
587 233 220
10 200
1 80 60 72 26
2 120 80 39 14
3 80 60 65 10
4 114 79 85 23
5 114 79 72 12
6 114 79 114 35
7 120 100 105 29
8 120 100 108 21
9 120 80 94 14
10 114 98 74 16
11
587 233 220
10 200
1 80 60 72 30
2 120 80 74 20
3 114 79 114 35
4 120 80 31 18
5 168 114 111 12
6 120 100 105 30
7 114 79 53 12
8 120 100 108 19
9 120 80 94 15
10 120 111 115 9
12
587 233 220
10 200
1 120 100 105 34
2 120 100 108 18
3 120 80 31 21
4 114 79 85 13
5 120 80 74 24
6 168 114 111 16
7 114 79 114 29
8 80 60 72 22
9 120 80 39 15
10 126 108 64 8
13
587 233 220
10 200
1 114 79 85 24
2 120 80 31 18
3 120 80 74 16
4 120 100 105 38
5 80 60 65 13
6 80 60 72 40
7 114 98 74 17
8 80 60 33 8
9 114 79 53 16
10 126 108 64 10
14
587 233 220
10 200
1 114 79 114 57
2 168 114 76 12
3 168 114 111 18
4 80 60 65 15
5 120 80 74 23
6 80 60 53 14
7 120 100 108 25
8 120 80 39 13
9 114 79 53 14
10 126 108 64 9
15
587 233 220
10 200
1 114 79 114 37
2 80 60 72 33
3 80 60 33 11
4 80 60 65 11
5 168 114 76 9
6 120 80 31 24
7 120 80 94 21
8 120 100 105 33
9 120 80 39 12
10 114 79 53 9
16
587 233 220
10 200
1 80 60 72 30
2 120 100 105 27
3 120 80 31 23
4 120 100 108 31
5 114 79 114 37
6 114 98 74 12
7 80 60 53 9
8 80 60 33 7
9 114 79 91 14
10 120 80 94 10
17
587 233 220
10 200
1 114 79 114 36
2 120 80 74 26
3 120 100 105 31
4 80 60 33 13
5 168 114 111 18
6 114 79 85 25
7 168 114 76 14
8 120 111 115 8
9 114 79 91 12
10 120 80 39 17
18
587 233 220
10 200
1 114 79 114 38
2 120 100 108 25
3 120 100 105 28
4 120 111 115 15
5 80 60 72 19
6 114 79 85 13
7 114 79 53 9
8 168 114 111 12
9 120 80 31 20
10 120 80 74 21
19
587 233 220
10 200
1 120 100 108 28
2 168 114 111 15
3 114 98 74 21
4 114 79 114 47
5 80 60 72 31
6 120 111 115 15
7 120 80 39 16
8 168 114 76 12
9 114 79 91 3
10 80 60 33 12
20
587 233 220
10 200
1 120 80 31 22
2 114 79 114 37
3 120 100 108 19
4 80 60 72 29
5 120 100 105 28
6 120 111 115 19
7 168 114 111 15
8 120 80 39 18
9 168 114 76 6
10 80 60 65 7
21
587 233 220
10 200
1 120 100 108 18
2 120 80 74 19
3 120 80 31 34
4 120 100 105 29
5 114 79 114 34
6 80 60 53 10
7 114 79 85 17
8 120 80 39 18
9 114 79 53 12
10 80 60 65 9
22
587 233 220
10 200
1 126 108 64 10
2 114 79 114 31
3 120 100 105 29
4 120 100 108 25
5 114 98 74 22
6 120 80 94 23
7 80 60 65 8
8 80 60 72 25
9 120 80 31 21
10 168 114 76 6
23
587 233 220
10 200
1 114 79 114 42
2 120 80 31 23
3 120 80 39 15
4 168 114 76 14
5 120 100 108 20
6 80 60 72 34
7 120 111 115 19
8 120 80 74 14
9 114 98 74 13
10 126 108 64 6
24
587 233 220
10 200
1 80 60 65 13
2 80 60 72 36
3 114 79 72 9
4 120 80 39 12
5 120 80 31 20
6 114 79 114 38
7 120 100 105 30
8 114 98 74 17
9 114 79 85 17
10 120 111 115 8
25
587 233 220
10 200
1 120 100 108 21
2 80 60 53 10
3 114 79 85 21
4 120 80 31 30
5 120 100 105 39
6 114 79 114 25
7 114 98 74 19
8 80 60 72 21
9 114 79 72 7
10 80 60 33 7
26
587 233 220
10 200
1 114 79 114 28
2 120 80 31 24
3 120 80 74 29
4 120 80 94 19
5 114 98 74 13
6 114 79 53 14
7 120 100 105 36
8 120 100 108 19
9 168 114 111 12
10 80 60 33 6
27
587 233 220
10 200
1 168 114 76 12
2 120 111 115 25
3 114 98 74 25
4 120 80 39 18
5 114 79 53 21
6 80 60 65 10
7 120 100 105 47
8 114 79 72 18
9 120 80 94 16
10 80 60 33 8
28
587 233 220
10 200
1 120 80 74 22
2 120 100 108 30
3 114 79 114 36
4 80 60 72 24
5 126 108 64 7
6 80 60 53 13
7 120 80 39 17
8 114 79 85 18
9 120 80 94 14
10 114 79 53 19
29
587 233 220
10 200
1 114 79 114 33
2 120 100 105 39
3 114 79 72 11
4 120 80 74 13
5 114 79 53 19
6 120 111 115 20
7 114 79 85 17
8 120 80 31 21
9 80 60 33 14
10 80 60 65 13
30
587 233 220
10 200
1 114 98 74 15
2 120 100 105 34
3 120 100 108 26
4 80 60 72 22
5 80 60 65 11
6 114 79 114 39
7 114 79 91 7
8 114 79 85 13
9 120 80 31 26
10 168 114 111 7
31
587 233 220
10 200
1 120 80 74 12
2 114 98 74 13
3 120 80 31 22
4 120 100 105 39
5 80 60 53 6
6 80 60 33 19
7 80 60 65 18
8 114 79 114 30
9 80 60 72 22
10 120 100 108 19
32
587 233 220
10 200
1 80 60 72 35
2 114 79 114 37
3 168 114 76 9
4 120 80 31 23
5 120 80 94 13
6 80 60 33 14
7 114 79 85 20
8 120 100 105 38
9 114 79 91 5
10 126 108 64 6
33
587 233 220
10 200
1 114 79 72 8
2 168 114 111 15
3 120 100 105 26
4 114 79 114 37
5 80 60 72 32
6 120 80 31 24
7 120 80 94 16
8 120 100 108 19
9 80 60 53 9
10 168 114 76 14
34
587 233 220
10 200
1 120 80 94 17
2 114 98 74 20
3 120 80 39 11
4 80 60 72 29
5 114 79 114 40
6 120 80 31 18
7 120 100 105 28
8 114 79 85 14
9 114 79 91 8
10 168 114 111 15
35
587 233 220
10 200
1 114 79 72 16
2 114 79 114 42
3 114 79 85 23
4 120 80 31 20
5 120 100 105 27
6 114 98 74 16
7 120 80 74 15
8 80 60 53 9
9 114 79 53 17
10 120 80 39 15
36
587 233 220
10 200
1 80 60 72 25
2 114 79 85 14
3 114 79 114 29
4 120 80 74 24
5 120 80 94 15
6 120 100 105 33
7 114 79 91 10
8 168 114 111 12
9 80 60 53 14
10 120 100 108 24
37
587 233 220
10 200
1 80 60 65 15
2 114 79 53 26
3 120 80 94 16
4 120 80 31 23
5 114 79 114 46
6 126 108 64 15
7 80 60 53 13
8 114 79 72 19
9 80 60 33 15
10 168 114 111 12
38
587 233 220
10 200
1 80 60 53 15
2 114 79 85 24
3 114 79 114 38
4 120 80 74 19
5 120 100 105 31
6 80 60 72 19
7 168 114 111 20
8 120 80 31 20
9 114 79 91 8
10 114 79 72 6
39
587 233 220
10 200
1 114 79 114 34
2 80 60 72 24
3 114 98 74 11
4 120 100 105 38
5 120 80 39 16
6 120 80 94 13
7 126 108 64 8
8 120 80 74 24
9 114 79 53 13
10 120 80 31 19
40
587 233 220
10 200
1 114 79 114 38
2 120 100 105 28
3 114 79 53 15
4 80 60 72 23
5 168 114 111 14
6 168 114 76 13
7 120 80 39 20
8 120 100 108 21
9 114 79 85 9
10 120 80 74 19
41
587 233 220
10 200
1 114 79 85 26
2 114 79 53 15
3 114 98 74 15
4 120 100 108 35
5 114 79 91 10
6 120 80 31 20
7 114 79 114 30
8 120 100 105 35
9 120 80 94 8
10 114 79 72 6
42
587 233 220
10 200
1 80 60 53 12
2 120 80 74 28
3 120 100 108 27
4 114 79 85 24
5 80 60 72 33
6 120 111 115 18
7 114 79 53 23
8 168 114 76 14
9 114 79 72 9
10 168 114 111 12
43
587 233 220
10 200
1 168 114 111 21
2 120 80 74 30
3 80 60 33 11
4 114 79 114 35
5 120 100 108 25
6 80 60 65 10
7 120 80 39 18
8 114 79 85 15
9 120 111 115 19
10 168 114 76 16
44
587 233 220
10 200
1 120 100 105 43
2 80 60 72 24
3 114 79 53 12
4 120 80 94 20
5 80 60 33 13
6 120 80 31 17
7 120 100 108 27
8 120 80 74 23
9 80 60 53 6
10 114 79 72 15
45
587 233 220
10 200
1 120 100 105 37
2 114 79 53 10
3 120 100 108 28
4 114 79 72 11
5 114 79 114 32
6 80 60 72 30
7 80 60 65 9
8 114 79 91 7
9 120 80 74 17
10 120 111 115 19
46
587 233 220
10 200
1 114 98 74 32
2 114 79 72 11
3 120 80 94 18
4 120 100 105 44
5 80 60 53 14
6 114 79 53 18
7 80 60 72 36
8 126 108 64 9
9 114 79 91 11
10 80 60 33 7
47
587 233 220
10 200
1 80 60 72 27
2 114 79 85 14
3 114 79 114 39
4 120 100 105 38
5 120 100 108 26
6 80 60 65 18
7 114 79 72 8
8 114 79 53 15
9 80 60 33 4
10 168 114 76 11
48
587 233 220
10 200
1 80 60 53 8
2 120 100 105 34
3 120 80 74 25
4 114 98 74 21
5 126 108 64 12
6 114 79 114 37
7 80 60 72 29
8 168 114 76 9
9 80 60 65 11
10 168 114 111 14
49
587 233 220
10 200
1 114 79 114 37
2 120 80 31 19
3 114 98 74 19
4 120 80 94 13
5 114 79 53 20
6 120 80 39 10
7 114 79 85 15
8 120 111 115 23
9 120 80 74 15
10 120 100 105 29
50
587 233 220
10 200
1 120 80 31 36
2 120 80 39 18
3 114 79 91 12
4 114 79 53 15
5 168 114 111 20
6 114 79 114 45
7 114 98 74 27
8 114 79 72 10
9 80 60 53 9
10 126 108 64 8
51
587 233 220
10 200
1 120 100 108 32
2 114 98 74 18
3 114 79 53 14
4 80 60 65 13
5 120 100 105 32
6 114 79 72 9
7 120 80 74 22
8 120 80 94 14
9 168 114 76 17
10 114 79 114 29
52
587 233 220
10 200
1 120 80 31 28
2 120 80 74 17
3 80 60 33 19
4 114 98 74 16
5 114 79 114 30
6 120 80 39 18
7 80 60 72 28
8 168 114 111 13
9 120 80 94 17
10 80 60 65 14
53
587 233 220
10 200
1 120 80 74 21
2 114 79 114 43
3 114 79 85 12
4 80 60 72 27
5 120 80 31 20
6 168 114 111 14
7 120 100 105 34
8 80 60 53 10
9 114 79 53 11
10 168 114 76 8
54
587 233 220
10 200
1 114 98 74 26
2 114 79 85 25
3 120 100 108 21
4 126 108 64 11
5 120 80 39 18
6 120 100 105 34
7 120 80 31 21
8 120 80 74 17
9 120 80 94 17
10 114 79 72 10
55
587 233 220
10 200
1 120 100 108 29
2 80 60 72 34
3 114 79 114 45
4 126 108 64 11
5 120 80 31 21
6 120 80 74 19
7 80 60 33 10
8 168 114 111 11
9 120 80 94 15
10 114 79 91 5
56
587 233 220
10 200
1 120 80 94 15
2 80 60 72 30
3 168 114 76 6
4 120 111 115 13
5 120 80 74 25
6 114 79 114 32
7 120 100 105 29
8 80 60 33 11
9 120 80 31 21
10 114 79 85 18
57
587 233 220
10 200
1 120 80 31 27
2 80 60 72 20
3 168 114 111 13
4 120 100 108 22
5 114 79 114 39
6 120 80 94 14
7 114 79 85 19
8 80 60 33 8
9 120 100 105 18
10 114 98 74 20
58
587 233 220
10 200
1 120 100 105 35
2 120 80 94 10
3 114 79 114 34
4 120 80 39 15
5 120 111 115 25
6 168 114 111 10
7 80 60 72 29
8 114 98 74 17
9 114 79 85 17
10 126 108 64 8
59
587 233 220
10 200
1 114 79 53 19
2 114 79 114 38
3 120 100 108 26
4 114 79 85 20
5 80 60 72 24
6 114 79 72 9
7 120 80 94 17
8 120 80 39 15
9 120 111 115 10
10 114 98 74 22
60
587 233 220
10 200
1 120 100 108 28
2 114 79 114 45
3 120 100 105 32
4 114 79 72 15
5 168 114 76 14
6 80 60 53 16
7 120 111 115 10
8 114 79 85 12
9 80 60 65 15
10 120 80 94 13
61
587 233 220
10 200
1 120 80 39 17
2 80 60 72 37
3 120 100 108 23
4 120 80 74 25
5 114 79 85 24
6 114 79 53 12
7 168 114 76 18
8 120 80 31 19
9 80 60 33 13
10 114 79 72 12
62
587 233 220
10 200
1 120 80 31 28
2 80 60 72 26
3 120 80 94 18
4 120 111 115 17
5 114 79 114 31
6 114 98 74 22
7 120 100 108 23
8 126 108 64 5
9 168 114 111 18
10 114 79 72 12
63
587 233 220
10 200
1 114 79 114 39
2 120 100 105 29
3 120 100 108 21
4 80 60 33 13
5 80 60 72 35
6 114 79 53 12
7 114 79 72 11
8 120 80 74 17
9 120 111 115 8
10 168 114 111 15
64
587 233 220
10 200
1 114 79 114 29
2 120 100 108 19
3 114 79 53 19
4 120 100 105 34
5 120 80 31 18
6 120 111 115 12
7 114 79 85 17
8 120 80 74 14
9 80 60 72 27
10 114 98 74 11
65
587 233 220
10 200
1 80 60 72 36
2 120 100 108 26
3 114 79 53 21
4 120 80 74 26
5 114 79 72 13
6 114 79 91 14
7 120 80 31 20
8 120 80 94 12
9 120 111 115 21
10 126 108 64 11
66
587 233 220
10 200
1 114 79 114 39
2 80 60 72 36
3 120 80 94 7
4 114 79 53 14
5 80 60 65 15
6 80 60 53 5
7 168 114 111 13
8 114 98 74 23
9 120 100 108 29
10 168 114 76 19
67
587 233 220
10 200
1 120 100 108 24
2 114 79 114 30
3 120 80 94 15
4 114 79 85 21
5 120 100 105 35
6 120 80 31 23
7 80 60 72 21
8 114 79 53 11
9 80 60 33 11
10 114 79 91 9
68
587 233 220
10 200
1 114 98 74 17
2 80 60 65 9
3 120 100 105 36
4 80 60 33 18
5 120 111 115 19
6 120 80 31 26
7 80 60 72 30
8 114 79 53 20
9 126 108 64 10
10 168 114 111 15
69
587 233 220
10 200
1 80 60 72 19
2 120 100 105 36
3 80 60 65 10
4 114 79 85 22
5 114 98 74 18
6 120 111 115 22
7 120 80 39 15
8 114 79 114 35
9 80 60 33 6
10 120 80 31 17
70
587 233 220
10 200
1 80 60 33 17
2 120 80 31 26
3 120 100 105 34
4 120 80 39 15
5 114 79 91 12
6 80 60 65 5
7 114 79 114 39
8 120 100 108 31
9 120 111 115 18
10 126 108 64 3
71
587 233 220
10 200
1 120 80 94 18
2 120 80 31 24
3 114 79 114 42
4 80 60 72 20
5 168 114 111 10
6 80 60 65 11
7 114 79 85 23
8 120 100 105 38
9 114 79 72 4
10 120 80 39 10
72
587 233 220
10 200
1 80 60 65 13
2 120 80 39 15
3 120 80 31 23
4 80 60 72 27
5 168 114 76 14
6 114 79 114 40
7 80 60 53 11
8 120 100 108 24
9 120 80 74 18
10 114 79 85 15
73
587 233 220
10 200
1 120 100 105 38
2 80 60 72 21
3 114 98 74 20
4 114 79 85 20
5 114 79 72 14
6 168 114 111 18
7 80 60 33 10
8 120 80 31 32
9 120 80 39 12
10 120 80 94 15
74
587 233 220
10 200
1 80 60 72 23
2 114 98 74 19
3 114 79 114 39
4 114 79 85 21
5 168 114 76 5
6 120 80 31 30
7 120 100 108 30
8 80 60 65 10
9 120 80 94 11
10 120 80 39 12
75
587 233 220
10 200
1 114 79 114 46
2 120 100 108 23
3 120 80 31 25
4 168 114 76 7
5 114 98 74 17
6 120 100 105 24
7 120 80 39 15
8 168 114 111 11
9 114 79 72 14
10 120 80 94 18
76
587 233 220
10 200
1 80 60 72 40
2 120 80 74 20
3 120 111 115 23
4 120 80 94 7
5 120 80 31 25
6 80 60 53 13
7 168 114 111 16
8 114 98 74 19
9 120 100 108 27
10 114 79 91 10
77
587 233 220
10 200
1 114 79 72 17
2 120 80 39 26
3 120 100 105 28
4 120 111 115 12
5 120 80 31 16
6 114 79 114 37
7 114 98 74 14
8 120 80 74 25
9 168 114 76 9
10 114 79 53 16
78
587 233 220
10 200
1 114 79 85 25
2 80 60 33 15
3 168 114 76 18
4 80 60 72 28
5 120 80 74 26
6 80 60 65 17
7 168 114 111 12
8 114 79 91 10
9 114 98 74 23
10 120 80 94 26
79
587 233 220
10 200
1 120 111 115 21
2 168 114 111 18
3 120 80 74 24
4 114 79 91 8
5 80 60 53 15
6 114 79 53 19
7 120 80 94 24
8 120 100 105 41
9 114 79 85 18
10 114 79 72 12
80
587 233 220
10 200
1 114 98 74 31
2 114 79 53 10
3 120 100 105 45
4 80 60 72 34
5 80 60 33 9
6 80 60 65 11
7 120 80 31 18
8 120 100 108 20
9 114 79 85 12
10 120 80 39 10
81
587 233 220
10 200
1 114 98 74 24
2 120 80 74 25
3 168 114 76 24
4 120 80 39 21
5 126 108 64 13
6 120 80 31 25
7 114 79 114 41
8 80 60 65 9
9 114 79 53 11
10 114 79 91 7
82
587 233 220
10 200
1 120 80 39 12
2 120 80 31 18
3 114 79 72 7
4 120 100 105 37
5 114 79 114 47
6 120 100 108 25
7 168 114 76 14
8 80 60 53 12
9 80 60 65 12
10 120 80 74 16
83
587 233 220
10 200
1 120 100 108 28
2 114 79 72 12
3 120 80 94 24
4 120 80 39 18
5 80 60 72 28
6 80 60 33 15
7 114 98 74 21
8 168 114 111 19
9 120 111 115 17
10 120 80 74 18
84
587 233 220
10 200
1 114 79 53 10
2 120 100 108 25
3 120 100 105 31
4 114 79 114 34
5 80 60 72 23
6 114 79 85 15
7 168 114 111 17
8 120 111 115 15
9 80 60 65 5
10 120 80 74 25
85
587 233 220
10 200
1 80 60 72 22
2 114 79 114 29
3 120 80 94 12
4 80 60 33 10
5 114 79 53 18
6 120 100 105 35
7 120 80 74 25
8 126 108 64 10
9 120 100 108 22
10 168 114 76 17
86
587 233 220
10 200
1 168 114 111 13
2 114 98 74 19
3 168 114 76 22
4 114 79 72 20
5 114 79 114 33
6 80 60 72 27
7 120 80 94 16
8 120 111 115 20
9 120 100 108 21
10 80 60 65 9
87
587 233 220
10 200
1 120 100 105 27
2 114 79 53 13
3 114 98 74 21
4 114 79 114 37
5 114 79 85 25
6 120 80 31 17
7 120 100 108 24
8 120 111 115 11
9 80 60 53 14
10 120 80 94 11
88
587 233 220
10 200
1 120 100 105 36
2 120 80 39 15
3 120 100 108 13
4 114 79 53 21
5 80 60 65 15
6 114 79 114 38
7 80 60 53 13
8 120 80 31 28
9 114 79 72 9
10 114 98 74 12
89
587 233 220
10 200
1 114 79 53 23
2 114 79 85 30
3 120 100 108 24
4 114 79 114 30
5 120 111 115 17
6 80 60 53 11
7 120 80 39 20
8 80 60 33 18
9 120 80 94 16
10 168 114 76 11
90
587 233 220
10 200
1 114 98 74 13
2 120 80 94 17
3 120 100 108 28
4 120 100 105 34
5 120 80 31 19
6 114 79 114 35
7 120 80 74 16
8 120 80 39 9
9 80 60 65 11
10 120 111 115 18
91
587 233 220
10 200
1 80 60 72 32
2 168 114 76 15
3 120 80 39 16
4 168 114 111 24
5 120 80 74 21
6 114 79 91 6
7 120 80 31 23
8 114 79 114 42
9 80 60 53 9
10 114 79 53 12
92
587 233 220
10 200
1 80 60 53 9
2 114 79 114 44
3 120 80 94 16
4 114 98 74 17
5 114 79 85 18
6 120 100 105 40
7 168 114 76 12
8 80 60 33 10
9 120 80 74 26
10 80 60 65 8
93
587 233 220
10 200
1 114 79 114 36
2 120 100 108 29
3 120 100 105 37
4 114 79 53 21
5 120 80 39 15
6 80 60 65 6
7 114 79 85 21
8 114 79 72 14
9 168 114 76 10
10 80 60 53 11
94
587 233 220
10 200
1 120 100 108 23
2 80 60 65 14
3 168 114 76 19
4 120 80 39 18
5 114 79 114 43
6 168 114 111 18
7 114 98 74 18
8 114 79 85 23
9 120 80 94 15
10 114 79 91 9
95
587 233 220
10 200
1 80 60 33 14
2 114 79 85 26
3 120 80 31 27
4 114 79 53 19
5 114 79 114 48
6 80 60 53 6
7 114 98 74 15
8 120 80 39 13
9 120 111 115 23
10 80 60 65 9
96
587 233 220
10 200
1 80 60 65 7
2 114 79 114 34
3 120 80 94 24
4 120 111 115 18
5 114 79 72 9
6 120 100 105 30
7 114 98 74 14
8 114 79 53 21
9 120 80 31 24
10 114 79 85 19
97
587 233 220
10 200
1 80 60 72 21
2 120 100 105 35
3 120 80 31 25
4 120 80 94 16
5 120 100 108 18
6 168 114 76 12
7 120 80 39 10
8 114 79 114 33
9 126 108 64 15
10 80 60 53 15
98
587 233 220
10 200
1 120 80 39 11
2 114 79 114 39
3 126 108 64 12
4 114 79 53 14
5 120 100 105 31
6 114 79 85 21
7 120 100 108 25
8 80 60 65 9
9 120 80 74 25
10 114 79 72 13
99
587 233 220
10 200
1 120 100 105 31
2 120 80 94 15
3 120 111 115 15
4 80 60 65 19
5 120 80 31 22
6 114 79 114 38
7 120 80 74 17
8 114 79 85 21
9 114 79 53 14
10 80 60 33 8
100
587 233 220
10 200
1 114 79 114 42
2 120 80 74 13
3 114 79 91 11
4 120 100 108 18
5 114 98 74 18
6 120 100 105 34
7 80 60 33 13
8 120 111 115 21
9 120 80 31 24
10 126 108 64 6