100
1
587 233 220
20 200
1 120 80 39 8
2 120 80 94 8
3 120 100 105 20
4 80 60 65 5
5 114 79 114 29
6 114 98 74 8
7 114 79 85 10
8 120 80 31 7
9 114 79 91 3
10 120 100 108 19
11 114 79 72 10
12 126 108 64 5
13 168 114 76 9
14 114 79 53 10
15 120 111 115 10
16 80 60 33 4
17 80 60 72 15
18 120 80 74 8
19 80 60 53 6
20 168 114 111 6
2
587 233 220
20 200
1 114 79 114 22
2 114 98 74 11
3 120 80 74 8
4 80 60 72 17
5 120 100 105 12
6 114 79 53 9
7 120 111 115 11
8 80 60 53 6
9 114 79 91 6
10 120 80 39 14
11 80 60 65 7
12 168 114 111 14
13 120 100 108 8
14 114 79 85 6
15 120 80 31 14
16 168 114 76 6
17 114 79 72 6
18 120 80 94 13
19 80 60 33 5
20 126 108 64 5
3
587 233 220
20 200
1 114 79 72 4
2 120 111 115 10
3 114 79 114 18
4 114 79 85 10
5 120 100 108 17
6 80 60 72 16
7 120 80 31 14
8 114 79 53 11
9 126 108 64 6
10 80 60 65 7
11 80 60 33 8
12 168 114 111 7
13 114 98 74 11
14 120 100 105 17
15 80 60 53 4
16 114 79 91 7
17 120 80 74 13
18 120 80 94 9
19 168 114 76 6
20 120 80 39 5
4
587 233 220
20 200
1 80 60 33 4
2 120 100 105 21
3 80 60 65 7
4 120 111 115 9
5 114 79 72 8
6 120 80 74 19
7 114 79 114 24
8 114 79 85 10
9 120 80 31 15
10 168 114 76 7
11 114 79 53 11
12 80 60 72 16
13 114 79 91 6
14 120 80 39 10
15 120 80 94 6
16 168 114 111 6
17 114 98 74 6
18 120 100 108 9
19 126 108 64 2
20 80 60 53 4
5
587 233 220
20 200
1 120 80 31 16
2 80 60 72 12
3 80 60 65 12
4 80 60 33 9
5 114 79 91 5
6 114 98 74 15
7 120 111 115 12
8 114 79 85 7
9 80 60 53 11
10 120 80 74 9
11 120 80 39 9
12 120 80 94 7
13 120 100 105 16
14 114 79 53 10
15 168 114 76 2
16 120 100 108 24
17 168 114 111 10
18 114 79 114 10
19 114 79 72 4
6
587 233 220
20 200
1 120 100 108 19
2 120 80 94 12
3 80 60 72 20
4 126 108 64 3
5 168 114 111 8
6 120 80 39 14
7 114 79 114 16
8 80 60 65 6
9 120 80 31 6
10 114 79 85 7
11 114 79 72 5
12 120 80 74 14
13 80 60 33 7
14 80 60 53 5
15 120 111 115 5
16 120 100 105 19
17 114 98 74 15
18 114 79 53 9
19 168 114 76 7
20 114 79 91 3
7
587 233 220
20 200
1 114 79 85 21
2 168 114 76 7
3 114 79 114 18
4 168 114 111 7
5 80 60 72 9
6 126 108 64 12
7 120 100 105 19
8 120 80 94 7
9 120 111 115 13
10 120 80 74 9
11 80 60 53 2
12 80 60 33 1
13 114 98 74 15
14 120 80 39 7
15 120 100 108 7
16 114 79 53 12
17 120 80 31 10
18 80 60 65 10
19 114 79 91 6
20 114 79 72 8
8
587 233 220
20 200
1 120 80 74 15
2 120 100 105 17
3 80 60 65 7
4 114 79 72 4
5 80 60 72 15
6 120 111 115 14
7 168 114 76 13
8 114 79 91 6
9 114 98 74 7
10 114 79 114 21
11 80 60 53 9
12 120 80 31 11
13 80 60 33 10
14 120 80 94 7
15 168 114 111 9
16 126 108 64 5
17 120 80 39 9
18 120 100 108 9
19 114 79 85 7
20 114 79 53 5
9
587 233 220
20 200
1 114 79 114 15
2 120 80 74 15
3 126 108 64 7
4 120 80 94 6
5 80 60 53 9
6 168 114 111 14
7 114 79 72 8
8 120 111 115 12
9 114 79 85 15
10 80 60 33 3
11 168 114 76 7
12 120 100 108 10
13 80 60 65 8
14 114 79 91 4
15 80 60 72 14
16 120 100 105 15
17 114 98 74 8
18 120 80 31 13
19 120 80 39 12
20 114 79 53 5
10
587 233 220
20 200
1 80 60 33 6
2 114 79 91 6
3 120 100 108 15
4 120 100 105 24
5 120 80 94 11
6 120 80 31 11
7 120 111 115 6
8 114 79 53 10
9 80 60 72 13
10 114 79 85 14
11 168 114 111 10
12 114 79 114 21
13 120 80 39 4
14 114 98 74 12
15 114 79 72 5
16 126 108 64 2
17 80 60 53 8
18 120 80 74 6
19 80 60 65 9
20 168 114 76 7
11
587 233 220
20 200
1 120 100 108 11
2 120 80 39 9
3 120 80 94 8
4 80 60 72 23
5 80 60 65 7
6 114 79 72 4
7 80 60 33 9
8 120 80 74 10
9 114 79 85 7
10 114 79 53 10
11 120 100 105 14
12 114 98 74 17
13 80 60 53 5
14 114 79 114 20
15 120 80 31 15
16 168 114 111 8
17 120 111 115 5
18 126 108 64 8
19 114 79 91 5
20 168 114 76 5
12
587 233 220
20 200
1 120 100 108 10
2 120 80 94 9
3 80 60 72 18
4 120 80 31 15
5 168 114 111 5
6 120 80 39 11
7 120 100 105 15
8 114 79 85 14
9 120 111 115 6
10 114 79 91 6
11 114 79 114 17
12 80 60 53 5
13 120 80 74 13
14 168 114 76 13
15 114 98 74 12
16 80 60 65 9
17 126 108 64 3
18 114 79 72 9
19 114 79 53 8
20 80 60 33 2
13
587 233 220
20 200
1 114 79 72 4
2 120 111 115 8
3 114 79 91 6
4 114 79 53 10
5 80 60 33 4
6 120 100 108 14
7 168 114 111 7
8 114 79 114 24
9 120 80 31 12
10 120 80 94 7
11 114 98 74 8
12 80 60 72 11
13 80 60 65 7
14 120 80 39 7
15 120 100 105 25
16 120 80 74 15
17 80 60 53 8
18 168 114 76 8
19 114 79 85 12
20 126 108 64 3
14
587 233 220
20 200
1 80 60 72 14
2 120 80 94 13
3 120 80 31 17
4 168 114 76 12
5 114 79 114 20
6 168 114 111 8
7 120 80 74 10
8 120 111 115 12
9 120 100 105 16
10 114 98 74 15
11 120 80 39 10
12 120 100 108 12
13 80 60 53 4
14 114 79 85 14
15 114 79 53 6
16 114 79 91 3
17 80 60 65 5
18 80 60 33 3
19 114 79 72 4
20 126 108 64 2
15
587 233 220
20 200
1 80 60 72 18
2 120 100 105 19
3 114 79 114 25
4 168 114 76 6
5 114 79 85 10
6 120 80 39 8
7 114 98 74 9
8 80 60 53 5
9 120 111 115 8
10 120 80 74 10
11 120 100 108 19
12 114 79 91 5
13 126 108 64 7
14 80 60 65 3
15 168 114 111 12
16 120 80 94 7
17 120 80 31 13
18 114 79 53 5
19 80 60 33 8
20 114 79 72 3
16
587 233 220
20 200
1 168 114 111 7
2 114 79 114 24
3 114 98 74 12
4 120 111 115 10
5 120 80 74 17
6 168 114 76 10
7 120 80 31 12
8 80 60 72 11
9 80 60 65 6
10 120 100 108 13
11 120 100 105 16
12 120 80 39 8
13 114 79 53 7
14 114 79 91 5
15 114 79 85 13
16 126 108 64 5
17 114 79 72 7
18 80 60 33 10
19 120 80 94 4
20 80 60 53 3
17
587 233 220
20 200
1 114 79 53 10
2 114 79 91 8
3 120 100 108 9
4 80 60 72 21
5 114 79 72 8
6 120 100 105 20
7 114 79 114 21
8 114 79 85 12
9 120 80 31 16
10 168 114 76 9
11 120 80 74 11
12 120 111 115 7
13 120 80 39 4
14 120 80 94 7
15 168 114 111 7
16 80 60 53 12
17 114 98 74 9
18 80 60 33 2
19 80 60 65 4
20 126 108 64 3
18
587 233 220
20 200
1 120 80 74 14
2 168 114 76 10
3 168 114 111 8
4 80 60 72 15
5 120 111 115 11
6 114 79 53 10
7 120 100 108 14
8 80 60 65 12
9 114 98 74 12
10 114 79 85 9
11 120 100 105 16
12 114 79 114 14
13 120 80 39 5
14 126 108 64 7
15 120 80 31 13
16 80 60 33 9
17 114 79 91 5
18 120 80 94 7
19 114 79 72 4
20 80 60 53 5
19
587 233 220
20 200
1 168 114 76 7
2 120 80 94 5
3 120 80 39 9
4 126 108 64 4
5 80 60 72 18
6 80 60 65 11
7 120 80 74 17
8 114 79 72 4
9 114 79 114 20
10 120 100 105 12
11 114 98 74 14
12 114 79 85 11
13 120 100 108 10
14 120 80 31 9
15 80 60 33 8
16 80 60 53 6
17 114 79 53 9
18 168 114 111 14
19 114 79 91 4
20 120 111 115 8
20
587 233 220
20 200
1 120 100 108 10
2 114 79 114 21
3 120 100 105 20
4 80 60 33 6
5 168 114 111 12
6 120 80 31 15
7 114 98 74 7
8 168 114 76 7
9 120 80 74 11
10 120 80 39 7
11 114 79 91 5
12 80 60 72 15
13 80 60 53 9
14 114 79 53 7
15 120 111 115 10
16 114 79 72 8
17 126 108 64 9
18 114 79 85 9
19 120 80 94 4
20 80 60 65 8
21
587 233 220
20 200
1 120 100 105 20
2 120 80 94 12
3 120 100 108 18
4 168 114 111 11
5 120 80 74 11
6 80 60 72 10
7 120 80 31 15
8 120 111 115 9
9 114 79 114 25
10 114 98 74 13
11 114 79 85 7
12 168 114 76 5
13 114 79 91 9
14 114 79 72 4
15 114 79 53 10
16 80 60 65 6
17 126 108 64 4
18 120 80 39 4
19 80 60 53 4
20 80 60 33 3
22
587 233 220
20 200
1 120 80 94 14
2 114 79 53 10
3 120 100 108 9
4 126 108 64 9
5 120 111 115 8
6 80 60 72 17
7 114 79 72 7
8 120 80 31 12
9 120 80 74 8
10 114 79 91 10
11 114 98 74 16
12 114 79 114 20
13 120 100 105 15
14 114 79 85 10
15 168 114 111 6
16 120 80 39 14
17 80 60 65 5
18 168 114 76 3
19 80 60 33 5
20 80 60 53 2
23
587 233 220
20 200
1 80 60 72 20
2 114 79 91 6
3 114 98 74 14
4 114 79 53 12
5 80 60 33 9
6 120 111 115 9
7 120 100 105 25
8 120 100 108 13
9 114 79 114 27
10 120 80 74 6
11 80 60 65 5
12 126 108 64 7
13 114 79 85 12
14 120 80 94 9
15 120 80 31 7
16 80 60 53 8
17 114 79 72 4
18 120 80 39 4
19 168 114 111 3
24
587 233 220
20 200
1 120 80 39 15
2 114 79 85 13
3 120 100 108 20
4 114 98 74 13
5 80 60 72 17
6 114 79 72 6
7 120 80 31 14
8 126 108 64 7
9 120 100 105 19
10 114 79 91 2
11 80 60 53 5
12 168 114 111 12
13 114 79 114 22
14 120 80 74 6
15 114 79 53 4
16 120 111 115 7
17 80 60 65 6
18 80 60 33 5
19 120 80 94 4
20 168 114 76 3
25
587 233 220
20 200
1 120 80 31 19
2 114 79 114 22
3 80 60 33 3
4 120 100 108 16
5 80 60 72 10
6 120 80 94 5
7 114 98 74 14
8 120 100 105 19
9 168 114 76 9
10 120 80 39 10
11 126 108 64 5
12 114 79 72 6
13 120 111 115 6
14 114 79 53 6
15 114 79 85 14
16 80 60 65 4
17 80 60 53 6
18 120 80 74 13
19 168 114 111 7
20 114 79 91 6
26
587 233 220
20 200
1 120 100 105 17
2 114 79 114 29
3 114 79 53 5
4 80 60 72 13
5 114 79 72 9
6 120 80 31 20
7 120 111 115 6
8 114 98 74 8
9 120 80 94 7
10 120 100 108 17
11 168 114 111 5
12 120 80 74 6
13 80 60 33 12
14 114 79 91 5
15 114 79 85 10
16 126 108 64 4
17 80 60 65 7
18 80 60 53 9
19 120 80 39 7
20 168 114 76 4
27
587 233 220
20 200
1 168 114 76 8
2 80 60 72 21
3 168 114 111 6
4 120 100 105 20
5 120 80 39 5
6 120 80 94 9
7 80 60 53 8
8 80 60 65 9
9 126 108 64 4
10 120 80 31 15
11 120 111 115 4
12 120 100 108 8
13 114 79 114 11
14 114 79 85 13
15 114 98 74 14
16 120 80 74 13
17 114 79 91 5
18 80 60 33 7
19 114 79 72 4
20 114 79 53 16
28
587 233 220
20 200
1 120 80 31 15
2 120 80 39 8
3 120 100 108 17
4 80 60 33 5
5 120 100 105 21
6 114 79 72 8
7 114 98 74 11
8 114 79 114 24
9 168 114 111 9
10 120 111 115 10
11 120 80 74 10
12 114 79 85 8
13 80 60 65 3
14 168 114 76 10
15 120 80 94 9
16 80 60 72 15
17 114 79 91 4
18 126 108 64 5
19 80 60 53 5
20 114 79 53 3
29
587 233 220
20 200
1 120 80 74 12
2 114 79 91 7
3 114 79 114 29
4 114 79 53 13
5 114 79 72 7
6 114 98 74 10
7 120 100 108 12
8 168 114 111 5
9 168 114 76 8
10 120 100 105 19
11 80 60 33 3
12 120 80 94 12
13 114 79 85 12
14 120 80 31 10
15 80 60 53 1
16 80 60 65 7
17 80 60 72 16
18 120 111 115 7
19 126 108 64 6
20 120 80 39 4
30
587 233 220
20 200
1 114 79 91 4
2 114 98 74 10
3 168 114 111 7
4 80 60 72 17
5 120 111 115 17
6 80 60 65 11
7 114 79 72 6
8 120 100 108 13
9 114 79 114 17
10 120 100 105 26
11 120 80 31 13
12 120 80 39 8
13 114 79 85 11
14 120 80 74 11
15 80 60 53 2
16 126 108 64 4
17 120 80 94 5
18 168 114 76 4
19 114 79 53 5
20 80 60 33 9
31
587 233 220
20 200
1 168 114 76 6
2 114 79 72 8
3 120 100 105 14
4 126 108 64 4
5 168 114 111 8
6 120 100 108 15
7 114 79 114 18
8 114 79 85 10
9 120 80 74 11
10 80 60 53 10
11 120 80 31 16
12 80 60 65 4
13 120 80 39 6
14 120 111 115 4
15 114 98 74 11
16 80 60 72 23
17 114 79 91 5
18 114 79 53 11
19 80 60 33 7
20 120 80 94 9
32
587 233 220
20 200
1 120 100 105 14
2 114 79 114 24
3 120 80 94 5
4 168 114 111 10
5 120 100 108 9
6 114 98 74 6
7 120 80 74 12
8 120 80 39 14
9 114 79 53 9
10 80 60 33 9
11 80 60 72 19
12 80 60 53 7
13 120 80 31 16
14 114 79 85 6
15 120 111 115 8
16 114 79 72 10
17 126 108 64 5
18 80 60 65 6
19 168 114 76 7
20 114 79 91 4
33
587 233 220
20 200
1 120 80 39 8
2 114 79 91 7
3 120 111 115 11
4 120 100 105 17
5 120 80 31 11
6 114 79 114 22
7 168 114 76 7
8 80 60 72 20
9 80 60 65 5
10 126 108 64 5
11 114 79 53 14
12 80 60 53 8
13 120 100 108 10
14 80 60 33 4
15 114 79 85 8
16 120 80 74 13
17 168 114 111 7
18 114 98 74 7
19 114 79 72 8
20 120 80 94 8
34
587 233 220
20 200
1 80 60 72 11
2 168 114 111 7
3 114 79 85 10
4 120 100 108 13
5 168 114 76 6
6 114 79 72 9
7 114 98 74 12
8 80 60 65 4
9 126 108 64 10
10 114 79 114 18
11 80 60 33 5
12 114 79 53 11
13 114 79 91 10
14 120 111 115 8
15 120 80 39 8
16 120 80 74 9
17 120 100 105 21
18 80 60 53 7
19 120 80 31 13
20 120 80 94 8
35
587 233 220
20 200
1 80 60 72 19
2 120 80 31 5
3 120 80 39 8
4 120 111 115 10
5 120 100 108 14
6 120 100 105 18
7 114 79 53 7
8 114 79 114 26
9 114 98 74 9
10 80 60 65 11
11 168 114 76 6
12 80 60 53 4
13 120 80 74 10
14 126 108 64 7
15 114 79 72 14
16 168 114 111 5
17 114 79 91 10
18 114 79 85 8
19 80 60 33 5
20 120 80 94 4
36
587 233 220
20 200
1 120 80 74 17
2 80 60 72 16
3 114 79 114 18
4 80 60 33 6
5 120 100 105 24
6 114 79 72 4
7 168 114 111 10
8 120 80 31 14
9 114 79 85 12
10 114 79 53 6
11 120 100 108 15
12 168 114 76 3
13 120 111 115 9
14 80 60 65 8
15 114 98 74 5
16 120 80 39 4
17 126 108 64 6
18 114 79 91 9
19 120 80 94 10
20 80 60 53 4
37
587 233 220
20 200
1 120 100 105 24
2 114 79 114 20
3 114 79 53 12
4 114 98 74 10
5 168 114 76 11
6 80 60 53 4
7 120 80 39 8
8 114 79 91 5
9 80 60 33 6
10 120 111 115 8
11 120 80 94 9
12 120 80 31 10
13 120 80 74 8
14 80 60 72 13
15 126 108 64 9
16 80 60 65 5
17 120 100 108 21
18 168 114 111 4
19 114 79 85 8
20 114 79 72 5
38
587 233 220
20 200
1 80 60 53 9
2 80 60 33 7
3 120 100 108 14
4 120 80 31 14
5 120 80 74 18
6 126 108 64 6
7 114 79 114 24
8 80 60 72 14
9 114 79 72 5
10 120 100 105 15
11 168 114 76 7
12 114 98 74 8
13 80 60 65 7
14 114 79 85 12
15 114 79 53 8
16 120 111 115 8
17 114 79 91 3
18 120 80 39 5
19 120 80 94 8
20 168 114 111 8
39
587 233 220
20 200
1 120 80 74 17
2 80 60 72 16
3 114 79 114 18
4 114 79 53 13
5 120 111 115 11
6 80 60 53 5
7 168 114 111 9
8 126 108 64 3
9 80 60 65 9
10 120 100 108 13
11 114 79 85 9
12 120 100 105 20
13 114 98 74 13
14 120 80 31 14
15 120 80 39 11
16 80 60 33 5
17 168 114 76 7
18 114 79 72 2
19 114 79 91 2
20 120 80 94 3
40
587 233 220
20 200
1 114 98 74 15
2 114 79 72 6
3 80 60 72 11
4 120 80 31 15
5 168 114 111 10
6 114 79 53 15
7 120 100 105 16
8 80 60 33 8
9 80 60 65 4
10 120 80 94 2
11 114 79 91 7
12 120 80 74 10
13 126 108 64 9
14 114 79 114 25
15 120 100 108 11
16 120 80 39 6
17 80 60 53 7
18 114 79 85 15
19 168 114 76 6
20 120 111 115 2
41
587 233 220
20 200
1 114 79 114 19
2 120 111 115 8
3 120 80 39 10
4 126 108 64 3
5 120 80 74 11
6 80 60 72 17
7 168 114 111 8
8 114 98 74 9
9 114 79 85 13
10 168 114 76 14
11 120 80 31 13
12 80 60 33 5
13 114 79 53 9
14 120 80 94 11
15 120 100 105 18
16 120 100 108 12
17 80 60 53 7
18 80 60 65 6
19 114 79 72 6
20 114 79 91 1
42
587 233 220
20 200
1 80 60 72 11
2 120 80 31 26
3 114 79 85 12
4 114 79 114 22
5 120 111 115 7
6 120 100 108 16
7 120 100 105 16
8 80 60 53 6
9 126 108 64 7
10 168 114 76 4
11 120 80 94 7
12 114 79 53 7
13 114 98 74 12
14 168 114 111 12
15 80 60 33 6
16 120 80 74 10
17 80 60 65 5
18 114 79 72 3
19 120 80 39 7
20 114 79 91 4
43
587 233 220
20 200
1 114 79 114 17
2 120 100 105 23
3 120 100 108 13
4 120 111 115 12
5 80 60 33 7
6 114 98 74 5
7 120 80 31 18
8 80 60 72 13
9 126 108 64 8
10 168 114 76 9
11 114 79 85 7
12 114 79 91 6
13 114 79 72 5
14 120 80 39 6
15 114 79 53 12
16 168 114 111 4
17 120 80 74 16
18 120 80 94 7
19 80 60 53 7
20 80 60 65 5
44
587 233 220
20 200
1 114 79 114 32
2 114 79 85 14
3 120 100 108 13
4 80 60 72 20
5 126 108 64 5
6 120 100 105 15
7 120 80 31 9
8 80 60 33 4
9 168 114 111 6
10 120 80 74 9
11 120 111 115 9
12 120 80 39 12
13 114 79 91 4
14 168 114 76 6
15 80 60 53 5
16 80 60 65 5
17 114 79 53 7
18 114 98 74 9
19 120 80 94 10
20 114 79 72 6
45
587 233 220
20 200
1 80 60 53 7
2 126 108 64 8
3 168 114 111 10
4 114 79 53 10
5 120 80 94 10
6 120 100 105 21
7 114 79 85 10
8 114 98 74 8
9 114 79 72 4
10 120 100 108 15
11 80 60 72 12
12 120 80 39 9
13 168 114 76 8
14 120 80 74 12
15 120 111 115 8
16 114 79 91 12
17 114 79 114 17
18 120 80 31 7
19 80 60 33 6
20 80 60 65 6
46
587 233 220
20 200
1 120 80 31 12
2 114 98 74 14
3 120 100 105 17
4 168 114 111 7
5 120 100 108 13
6 120 111 115 7
7 80 60 72 8
8 114 79 114 30
9 126 108 64 3
10 114 79 85 14
11 80 60 65 5
12 114 79 91 8
13 114 79 53 10
14 120 80 39 6
15 114 79 72 10
16 80 60 33 6
17 120 80 74 12
18 168 114 76 4
19 80 60 53 4
20 120 80 94 10
47
587 233 220
20 200
1 80 60 72 21
2 114 79 85 10
3 120 80 31 13
4 120 111 115 7
5 120 100 108 15
6 168 114 111 7
7 120 100 105 12
8 114 98 74 11
9 114 79 91 8
10 120 80 94 13
11 114 79 114 18
12 126 108 64 6
13 80 60 53 7
14 120 80 74 13
15 80 60 33 6
16 120 80 39 7
17 114 79 53 8
18 114 79 72 10
19 80 60 65 5
20 168 114 76 3
48
587 233 220
20 200
1 80 60 53 5
2 114 98 74 10
3 114 79 114 27
4 120 80 74 17
5 80 60 72 13
6 114 79 85 11
7 168 114 111 8
8 80 60 65 7
9 120 100 108 10
10 120 80 39 7
11 114 79 72 9
12 120 111 115 6
13 80 60 33 8
14 120 100 105 16
15 168 114 76 7
16 114 79 53 13
17 120 80 94 5
18 120 80 31 12
19 114 79 91 5
20 126 108 64 4
49
587 233 220
20 200
1 126 108 64 4
2 120 100 105 22
3 168 114 111 4
4 80 60 33 7
5 114 79 72 4
6 120 80 94 7
7 80 60 65 5
8 120 100 108 15
9 114 98 74 13
10 120 80 31 17
11 80 60 72 21
12 114 79 91 3
13 120 111 115 12
14 114 79 114 17
15 168 114 76 8
16 114 79 53 4
17 114 79 85 11
18 120 80 74 14
19 80 60 53 3
20 120 80 39 9
50
587 233 220
20 200
1 120 80 31 21
2 120 80 74 10
3 114 79 114 21
4 120 111 115 9
5 120 100 105 19
6 120 100 108 13
7 120 80 39 8
8 80 60 33 6
9 126 108 64 3
10 120 80 94 6
11 168 114 76 15
12 80 60 53 6
13 114 79 72 3
14 114 98 74 9
15 168 114 111 6
16 114 79 53 4
17 80 60 72 23
18 80 60 65 4
19 114 79 85 13
20 114 79 91 1
51
587 233 220
20 200
1 168 114 111 3
2 120 100 105 20
3 80 60 72 12
4 120 80 74 11
5 114 79 85 11
6 120 80 31 11
7 120 100 108 12
8 80 60 33 6
9 120 111 115 7
10 120 80 39 17
11 114 79 53 8
12 114 98 74 12
13 80 60 53 12
14 80 60 65 12
15 126 108 64 9
16 120 80 94 11
17 168 114 76 7
18 114 79 114 12
19 114 79 91 5
20 114 79 72 2
52
587 233 220
20 200
1 114 98 74 11
2 80 60 53 8
3 120 100 105 17
4 126 108 64 5
5 114 79 53 10
6 120 100 108 15
7 80 60 72 9
8 114 79 91 12
9 120 80 31 13
10 168 114 76 10
11 120 111 115 11
12 80 60 33 9
13 120 80 74 12
14 114 79 114 18
15 80 60 65 5
16 120 80 94 10
17 114 79 85 13
18 168 114 111 6
19 114 79 72 3
20 120 80 39 3
53
587 233 220
20 200
1 168 114 76 5
2 80 60 72 21
3 120 80 74 11
4 114 98 74 9
5 114 79 53 8
6 114 79 85 12
7 80 60 53 10
8 120 80 39 7
9 80 60 33 4
10 114 79 72 7
11 120 100 108 15
12 114 79 91 7
13 120 80 94 9
14 120 100 105 24
15 120 111 115 10
16 168 114 111 7
17 120 80 31 10
18 114 79 114 14
19 126 108 64 3
20 80 60 65 7
54
587 233 220
20 200
1 120 80 39 10
2 120 100 108 22
3 120 80 74 9
4 114 98 74 9
5 120 80 94 8
6 114 79 53 8
7 80 60 33 9
8 114 79 114 9
9 80 60 53 3
10 80 60 72 26
11 120 100 105 22
12 80 60 65 8
13 126 108 64 10
14 168 114 111 7
15 114 79 85 9
16 120 80 31 9
17 120 111 115 4
18 114 79 72 4
19 168 114 76 10
20 114 79 91 4
55
587 233 220
20 200
1 80 60 72 16
2 114 79 85 10
3 114 79 53 4
4 114 79 91 7
5 120 80 39 6
6 80 60 65 7
7 120 100 108 15
8 114 79 114 17
9 114 79 72 8
10 120 80 74 14
11 168 114 76 9
12 168 114 111 11
13 80 60 53 7
14 126 108 64 4
15 120 100 105 16
16 114 98 74 12
17 120 111 115 7
18 120 80 94 9
19 120 80 31 14
20 80 60 33 7
56
587 233 220
20 200
1 120 80 31 9
2 80 60 72 15
3 80 60 65 7
4 120 100 105 18
5 114 79 72 6
6 120 80 39 11
7 168 114 76 11
8 120 111 115 11
9 120 100 108 17
10 114 79 114 11
11 126 108 64 9
12 120 80 94 9
13 114 98 74 8
14 80 60 33 10
15 114 79 53 8
16 114 79 85 12
17 114 79 91 6
18 168 114 111 9
19 120 80 74 7
20 80 60 53 6
57
587 233 220
20 200
1 168 114 76 6
2 114 79 114 18
3 114 79 53 10
4 120 80 39 13
5 120 111 115 10
6 80 60 53 8
7 114 79 85 16
8 120 100 105 29
9 126 108 64 2
10 120 80 94 9
11 80 60 72 10
12 120 100 108 13
13 168 114 111 6
14 120 80 74 10
15 114 79 91 7
16 80 60 33 6
17 120 80 31 9
18 114 79 72 5
19 80 60 65 2
20 114 98 74 11
58
587 233 220
20 200
1 114 79 114 19
2 120 80 74 9
3 120 80 94 11
4 114 79 85 8
5 120 80 31 17
6 80 60 72 16
7 120 111 115 12
8 120 100 108 20
9 80 60 53 6
10 168 114 111 8
11 114 98 74 7
12 120 100 105 15
13 126 108 64 5
14 80 60 33 9
15 168 114 76 6
16 114 79 53 7
17 114 79 72 6
18 120 80 39 6
19 114 79 91 4
20 80 60 65 9
59
587 233 220
20 200
1 114 79 53 5
2 120 111 115 12
3 80 60 72 12
4 168 114 111 7
5 168 114 76 11
6 120 100 105 20
7 114 79 114 24
8 114 98 74 11
9 120 80 74 12
10 120 80 31 17
11 120 80 39 8
12 120 100 108 20
13 114 79 91 3
14 114 79 85 12
15 126 108 64 3
16 120 80 94 4
17 80 60 65 5
18 114 79 72 4
19 80 60 33 4
20 80 60 53 6
60
587 233 220
20 200
1 168 114 111 9
2 114 98 74 8
3 80 60 72 15
4 120 80 74 14
5 114 79 85 17
6 114 79 114 17
7 120 111 115 11
8 120 80 94 12
9 80 60 53 6
10 120 100 105 21
11 120 80 31 15
12 120 80 39 14
13 120 100 108 11
14 114 79 53 6
15 114 79 91 7
16 80 60 33 6
17 114 79 72 5
18 168 114 76 2
19 126 108 64 3
20 80 60 65 1
61
587 233 220
20 200
1 114 98 74 13
2 120 80 39 10
3 114 79 72 7
4 120 111 115 8
5 80 60 72 19
6 120 100 105 18
7 120 80 31 11
8 114 79 114 19
9 120 80 94 8
10 126 108 64 6
11 120 100 108 12
12 168 114 111 12
13 168 114 76 3
14 80 60 33 5
15 120 80 74 15
16 114 79 91 7
17 114 79 85 10
18 80 60 65 6
19 80 60 53 5
20 114 79 53 6
62
587 233 220
20 200
1 114 79 114 19
2 80 60 72 8
3 120 80 74 15
4 168 114 111 14
5 120 111 115 11
6 120 100 105 25
7 126 108 64 5
8 120 80 31 15
9 80 60 65 8
10 114 79 53 7
11 114 79 85 10
12 120 100 108 16
13 80 60 53 11
14 120 80 39 9
15 114 79 72 5
16 120 80 94 7
17 114 79 91 4
18 168 114 76 3
19 80 60 33 4
20 114 98 74 4
63
587 233 220
20 200
1 126 108 64 4
2 80 60 72 19
3 120 100 105 20
4 80 60 65 9
5 114 79 114 27
6 114 79 53 9
7 80 60 53 4
8 168 114 111 9
9 114 79 91 4
10 120 80 31 11
11 168 114 76 7
12 120 111 115 7
13 114 79 85 16
14 120 80 74 13
15 114 79 72 4
16 120 80 39 8
17 120 80 94 11
18 120 100 108 10
19 80 60 33 4
20 114 98 74 4
64
587 233 220
20 200
1 120 80 39 15
2 114 79 114 11
3 120 111 115 9
4 120 100 105 20
5 114 79 85 13
6 168 114 111 8
7 126 108 64 9
8 120 80 74 12
9 120 100 108 14
10 114 98 74 15
11 120 80 31 14
12 114 79 53 8
13 114 79 72 4
14 80 60 72 18
15 80 60 65 8
16 80 60 53 4
17 114 79 91 7
18 168 114 76 3
19 80 60 33 5
20 120 80 94 3
65
587 233 220
20 200
1 80 60 53 8
2 120 80 31 10
3 80 60 33 9
4 120 100 108 19
5 120 111 115 7
6 114 79 85 6
7 120 80 94 10
8 80 60 72 19
9 114 79 114 23
10 120 100 105 17
11 80 60 65 9
12 168 114 111 7
13 120 80 74 6
14 114 79 53 12
15 168 114 76 10
16 114 98 74 8
17 120 80 39 7
18 126 108 64 6
19 114 79 72 6
20 114 79 91 1
66
587 233 220
20 200
1 80 60 72 22
2 114 79 114 21
3 120 80 39 10
4 120 80 31 11
5 120 100 105 21
6 120 80 94 14
7 80 60 33 8
8 114 79 85 9
9 114 79 53 13
10 114 79 91 5
11 120 80 74 14
12 120 100 108 13
13 114 98 74 9
14 80 60 53 5
15 120 111 115 7
16 168 114 76 6
17 114 79 72 2
18 168 114 111 5
19 126 108 64 3
20 80 60 65 2
67
587 233 220
20 200
1 80 60 53 10
2 120 100 108 13
3 80 60 33 5
4 120 111 115 9
5 120 80 74 11
6 114 79 114 19
7 168 114 111 11
8 120 80 39 9
9 80 60 72 14
10 114 79 85 13
11 120 80 31 16
12 114 98 74 9
13 120 100 105 20
14 120 80 94 9
15 80 60 65 9
16 114 79 53 8
17 114 79 72 4
18 168 114 76 6
19 126 108 64 5
68
587 233 220
20 200
1 120 100 108 14
2 120 100 105 19
3 114 79 53 10
4 120 111 115 12
5 80 60 33 8
6 114 79 114 22
7 80 60 53 3
8 80 60 72 13
9 114 79 91 8
10 114 98 74 14
11 120 80 94 6
12 120 80 31 15
13 80 60 65 6
14 168 114 111 8
15 168 114 76 6
16 120 80 74 8
17 114 79 85 10
18 120 80 39 5
19 114 79 72 8
20 126 108 64 5
69
587 233 220
20 200
1 120 80 94 10
2 120 80 31 11
3 168 114 111 13
4 120 111 115 7
5 168 114 76 8
6 114 79 53 9
7 80 60 65 7
8 80 60 53 6
9 120 100 105 16
10 126 108 64 7
11 114 79 91 7
12 120 80 39 8
13 114 98 74 13
14 114 79 114 15
15 120 100 108 11
16 80 60 33 4
17 80 60 72 24
18 120 80 74 10
19 114 79 72 6
20 114 79 85 8
70
587 233 220
20 200
1 114 79 53 4
2 80 60 72 17
3 114 79 114 31
4 120 111 115 7
5 168 114 111 10
6 120 100 105 22
7 80 60 33 8
8 126 108 64 6
9 120 100 108 11
10 168 114 76 4
11 114 79 85 7
12 114 98 74 10
13 114 79 72 7
14 120 80 31 13
15 120 80 74 9
16 120 80 94 12
17 80 60 53 7
18 120 80 39 10
19 114 79 91 2
20 80 60 65 3
71
587 233 220
20 200
1 80 60 53 6
2 114 79 85 7
3 168 114 111 11
4 120 80 74 15
5 126 108 64 3
6 114 79 114 17
7 114 79 53 5
8 120 100 105 19
9 168 114 76 9
10 114 79 72 10
11 120 80 39 7
12 114 98 74 11
13 120 111 115 8
14 80 60 65 7
15 80 60 72 21
16 120 80 94 6
17 120 80 31 12
18 114 79 91 6
19 120 100 108 13
20 80 60 33 7
72
587 233 220
20 200
1 120 100 105 22
2 80 60 72 14
3 120 80 74 11
4 168 114 111 11
5 114 79 91 7
6 114 79 114 17
7 114 79 72 6
8 120 80 31 16
9 114 98 74 5
10 120 80 39 11
11 120 111 115 12
12 114 79 85 13
13 120 100 108 6
14 114 79 53 9
15 80 60 53 5
16 80 60 65 5
17 126 108 64 2
18 168 114 76 11
19 80 60 33 10
20 120 80 94 7
73
587 233 220
20 200
1 80 60 72 17
2 114 79 85 13
3 120 100 105 22
4 114 79 91 4
5 120 100 108 18
6 120 80 94 10
7 80 60 65 6
8 114 79 114 21
9 120 80 39 5
10 120 80 74 12
11 120 111 115 6
12 114 79 72 10
13 120 80 31 13
14 80 60 53 8
15 80 60 33 6
16 168 114 111 5
17 114 98 74 12
18 168 114 76 6
19 114 79 53 4
20 126 108 64 2
74
587 233 220
20 200
1 126 108 64 11
2 120 80 31 16
3 120 80 74 13
4 120 111 115 9
5 114 79 72 10
6 80 60 53 10
7 80 60 72 13
8 114 79 114 15
9 168 114 111 9
10 120 100 105 16
11 80 60 33 10
12 120 80 39 12
13 114 98 74 10
14 114 79 91 3
15 114 79 85 9
16 168 114 76 5
17 80 60 65 3
18 114 79 53 4
19 120 100 108 17
20 120 80 94 5
75
587 233 220
20 200
1 120 100 108 7
2 80 60 33 6
3 114 79 85 10
4 120 80 94 10
5 126 108 64 5
6 120 111 115 8
7 80 60 72 11
8 114 98 74 10
9 80 60 53 8
10 120 100 105 35
11 114 79 114 18
12 168 114 76 10
13 120 80 39 4
14 168 114 111 11
15 120 80 31 12
16 114 79 53 10
17 114 79 91 4
18 120 80 74 11
19 80 60 65 6
20 114 79 72 4
76
587 233 220
20 200
1 120 80 31 18
2 80 60 72 9
3 120 80 74 20
4 114 79 72 6
5 120 80 39 8
6 168 114 111 9
7 120 80 94 11
8 114 79 91 6
9 120 100 105 29
10 114 79 114 16
11 80 60 65 6
12 114 98 74 11
13 168 114 76 4
14 80 60 33 7
15 114 79 53 7
16 120 111 115 9
17 120 100 108 10
18 126 108 64 3
19 114 79 85 7
20 80 60 53 4
77
587 233 220
20 200
1 114 98 74 12
2 168 114 111 5
3 114 79 114 27
4 114 79 85 16
5 80 60 33 6
6 120 80 31 20
7 80 60 53 7
8 114 79 72 2
9 114 79 91 6
10 168 114 76 6
11 80 60 72 13
12 120 80 74 7
13 126 108 64 8
14 120 80 39 11
15 120 100 108 14
16 120 100 105 10
17 114 79 53 6
18 120 80 94 6
19 120 111 115 11
20 80 60 65 7
78
587 233 220
20 200
1 120 100 105 18
2 114 79 114 20
3 120 80 31 13
4 120 80 39 11
5 80 60 65 3
6 120 80 74 12
7 80 60 53 8
8 114 98 74 10
9 80 60 72 17
10 120 80 94 6
11 126 108 64 10
12 114 79 53 10
13 120 100 108 15
14 114 79 72 3
15 168 114 111 9
16 120 111 115 10
17 114 79 91 7
18 80 60 33 8
19 168 114 76 4
20 114 79 85 6
79
587 233 220
20 200
1 120 100 108 13
2 80 60 65 10
3 120 80 94 6
4 120 100 105 13
5 114 79 72 8
6 114 79 91 7
7 120 80 31 19
8 80 60 33 6
9 80 60 72 17
10 114 79 114 22
11 168 114 111 11
12 168 114 76 6
13 80 60 53 5
14 114 79 85 10
15 114 79 53 5
16 126 108 64 6
17 114 98 74 9
18 120 80 74 14
19 120 80 39 6
20 120 111 115 7
80
587 233 220
20 200
1 80 60 33 5
2 114 79 114 32
3 120 80 94 6
4 120 100 108 17
5 120 100 105 23
6 120 80 31 11
7 114 98 74 13
8 126 108 64 5
9 80 60 53 5
10 120 80 74 13
11 80 60 72 17
12 114 79 72 2
13 168 114 111 3
14 120 80 39 11
15 114 79 91 1
16 114 79 53 6
17 168 114 76 6
18 120 111 115 8
19 114 79 85 8
20 80 60 65 8
81
587 233 220
20 200
1 114 79 53 10
2 80 60 72 14
3 80 60 33 8
4 114 79 85 12
5 114 98 74 12
6 120 100 105 19
7 114 79 72 5
8 120 80 74 11
9 114 79 114 19
10 120 100 108 11
11 80 60 53 8
12 120 80 39 14
13 80 60 65 6
14 114 79 91 6
15 120 80 31 13
16 120 111 115 6
17 120 80 94 12
18 168 114 76 4
19 168 114 111 8
20 126 108 64 2
82
587 233 220
20 200
1 114 79 114 15
2 120 80 94 11
3 120 80 31 15
4 114 98 74 10
5 114 79 85 7
6 120 80 39 12
7 168 114 111 10
8 114 79 53 8
9 80 60 33 11
10 120 100 105 16
11 80 60 72 22
12 120 100 108 11
13 168 114 76 10
14 80 60 65 9
15 126 108 64 7
16 120 111 115 9
17 80 60 53 7
18 120 80 74 5
19 114 79 91 4
20 114 79 72 1
83
587 233 220
20 200
1 120 100 105 21
2 80 60 53 6
3 168 114 76 8
4 80 60 65 5
5 114 79 114 22
6 126 108 64 8
7 120 80 74 12
8 114 79 53 7
9 120 100 108 8
10 80 60 72 15
11 120 80 39 10
12 120 111 115 14
13 114 79 72 5
14 80 60 33 7
15 114 98 74 6
16 120 80 31 20
17 120 80 94 9
18 168 114 111 8
19 114 79 85 5
20 114 79 91 4
84
587 233 220
20 200
1 120 100 108 12
2 80 60 65 4
3 114 98 74 13
4 120 80 94 9
5 114 79 72 5
6 114 79 114 22
7 120 100 105 18
8 168 114 76 13
9 120 80 39 8
10 80 60 72 20
11 120 80 74 18
12 120 111 115 6
13 114 79 85 5
14 120 80 31 11
15 168 114 111 5
16 80 60 33 10
17 80 60 53 7
18 114 79 53 10
19 126 108 64 3
20 114 79 91 1
85
587 233 220
20 200
1 114 98 74 11
2 80 60 33 5
3 80 60 65 9
4 120 80 94 8
5 120 100 105 23
6 168 114 76 5
7 114 79 114 19
8 114 79 53 12
9 80 60 72 9
10 120 80 74 11
11 80 60 53 4
12 168 114 111 9
13 120 100 108 16
14 114 79 91 3
15 120 80 31 14
16 120 111 115 9
17 114 79 72 9
18 120 80 39 11
19 114 79 85 12
20 126 108 64 1
86
587 233 220
20 200
1 120 100 105 25
2 120 111 115 9
3 114 98 74 14
4 114 79 114 20
5 80 60 72 14
6 120 80 94 6
7 120 80 74 14
8 114 79 53 14
9 120 100 108 16
10 168 114 111 7
11 120 80 31 15
12 120 80 39 8
13 114 79 72 4
14 126 108 64 6
15 80 60 53 4
16 114 79 85 12
17 114 79 91 4
18 80 60 65 3
19 80 60 33 3
20 168 114 76 2
87
587 233 220
20 200
1 114 79 114 22
2 120 100 108 16
3 120 80 94 16
4 114 79 72 4
5 114 79 85 17
6 126 108 64 9
7 168 114 76 5
8 120 100 105 14
9 120 80 31 16
10 80 60 72 14
11 114 98 74 10
12 120 111 115 12
13 168 114 111 11
14 120 80 74 10
15 80 60 65 6
16 114 79 91 4
17 114 79 53 5
18 80 60 53 2
19 120 80 39 5
20 80 60 33 2
88
587 233 220
20 200
1 114 79 72 7
2 114 79 114 34
3 168 114 76 11
4 120 100 105 21
5 80 60 33 8
6 80 60 72 13
7 120 80 74 13
8 120 80 31 13
9 120 80 39 7
10 168 114 111 5
11 80 60 53 9
12 120 100 108 12
13 80 60 65 3
14 120 80 94 6
15 114 79 53 5
16 120 111 115 8
17 114 79 85 10
18 114 79 91 2
19 114 98 74 9
20 126 108 64 4
89
587 233 220
20 200
1 120 80 74 13
2 120 80 31 18
3 80 60 65 5
4 120 100 108 12
5 168 114 111 13
6 80 60 53 7
7 114 79 114 20
8 114 98 74 9
9 120 80 94 9
10 120 111 115 10
11 114 79 91 6
12 120 80 39 12
13 120 100 105 15
14 80 60 72 13
15 114 79 72 8
16 114 79 53 5
17 114 79 85 10
18 126 108 64 6
19 80 60 33 2
20 168 114 76 7
90
587 233 220
20 200
1 120 80 39 8
2 120 100 108 12
3 120 80 74 18
4 114 79 91 7
5 80 60 33 6
6 114 79 72 6
7 80 60 72 15
8 114 79 114 18
9 120 80 94 11
10 126 108 64 7
11 120 100 105 21
12 120 80 31 19
13 80 60 65 5
14 80 60 53 5
15 168 114 76 3
16 114 79 53 7
17 168 114 111 8
18 114 79 85 8
19 114 98 74 11
20 120 111 115 5
91
587 233 220
20 200
1 120 100 108 17
2 114 79 85 15
3 126 108 64 6
4 80 60 53 7
5 80 60 72 14
6 114 98 74 12
7 168 114 76 11
8 120 80 94 8
9 114 79 114 18
10 168 114 111 8
11 120 80 39 10
12 120 80 31 13
13 120 111 115 11
14 120 80 74 9
15 114 79 53 6
16 120 100 105 20
17 114 79 91 5
18 80 60 65 2
19 80 60 33 6
20 114 79 72 2
92
587 233 220
20 200
1 114 79 114 21
2 120 80 31 11
3 114 79 72 7
4 120 80 94 7
5 80 60 33 9
6 80 60 72 22
7 120 111 115 12
8 80 60 53 7
9 114 79 85 13
10 168 114 76 7
11 114 98 74 8
12 114 79 91 4
13 168 114 111 12
14 120 80 74 11
15 126 108 64 5
16 120 80 39 10
17 120 100 108 10
18 114 79 53 5
19 80 60 65 3
20 120 100 105 16
93
587 233 220
20 200
1 120 100 105 25
2 114 79 114 22
3 114 79 91 6
4 120 80 31 13
5 114 79 85 6
6 114 98 74 13
7 126 108 64 6
8 168 114 76 7
9 120 80 74 15
10 80 60 33 5
11 120 100 108 19
12 80 60 72 11
13 168 114 111 6
14 120 80 94 4
15 114 79 53 9
16 120 111 115 10
17 114 79 72 4
18 80 60 53 6
19 80 60 65 7
20 120 80 39 6
94
587 233 220
20 200
1 114 79 85 10
2 80 60 65 10
3 114 79 114 25
4 80 60 53 6
5 120 100 108 13
6 114 79 91 4
7 120 111 115 5
8 80 60 33 9
9 114 98 74 11
10 120 80 39 9
11 168 114 76 9
12 120 100 105 19
13 80 60 72 13
14 120 80 74 13
15 114 79 53 9
16 114 79 72 3
17 120 80 94 10
18 120 80 31 10
19 168 114 111 4
20 126 108 64 8
95
587 233 220
20 200
1 80 60 53 9
2 120 80 31 16
3 80 60 65 6
4 114 79 91 6
5 120 80 74 15
6 120 100 105 24
7 114 79 85 9
8 168 114 76 11
9 80 60 72 14
10 114 79 114 24
11 114 98 74 16
12 120 111 115 7
13 120 100 108 9
14 114 79 72 7
15 120 80 94 8
16 114 79 53 6
17 126 108 64 3
18 80 60 33 5
19 120 80 39 1
20 168 114 111 4
96
587 233 220
20 200
1 80 60 72 14
2 120 111 115 13
3 120 100 108 10
4 114 79 72 7
5 120 80 39 11
6 114 79 91 8
7 80 60 53 8
8 114 79 53 5
9 80 60 65 7
10 120 100 105 16
11 120 80 74 11
12 168 114 76 3
13 114 79 85 9
14 114 79 114 23
15 120 80 94 12
16 120 80 31 12
17 114 98 74 7
18 168 114 111 9
19 126 108 64 6
20 80 60 33 9
97
587 233 220
20 200
1 80 60 53 10
2 120 80 74 12
3 114 79 114 22
4 120 100 105 22
5 120 100 108 10
6 168 114 76 8
7 120 80 39 8
8 114 79 53 10
9 120 80 94 11
10 80 60 65 6
11 120 80 31 15
12 114 79 91 6
13 114 79 85 8
14 126 108 64 7
15 80 60 72 11
16 114 79 72 3
17 120 111 115 12
18 80 60 33 5
19 114 98 74 9
20 168 114 111 5
98
587 233 220
20 200
1 120 80 94 12
2 120 80 74 11
3 120 100 105 23
4 80 60 72 17
5 168 114 111 7
6 114 79 91 6
7 120 80 39 8
8 120 100 108 21
9 114 79 114 22
10 114 79 72 6
11 114 79 85 16
12 114 98 74 5
13 120 111 115 8
14 120 80 31 14
15 168 114 76 1
16 80 60 65 3
17 126 108 64 5
18 80 60 33 8
19 114 79 53 4
20 80 60 53 3
99
587 233 220
20 200
1 114 79 114 18
2 120 100 108 18
3 168 114 111 4
4 114 79 72 14
5 80 60 72 25
6 120 80 31 13
7 120 80 74 11
8 120 80 39 6
9 120 111 115 10
10 120 100 105 14
11 80 60 65 10
12 126 108 64 7
13 80 60 33 4
14 114 79 85 10
15 114 79 91 3
16 80 60 53 10
17 114 98 74 7
18 114 79 53 5
19 120 80 94 8
20 168 114 76 3
100
587 233 220
20 200
1 120 80 31 15
2 80 60 33 6
3 114 79 114 21
4 114 98 74 11
5 120 80 74 9
6 120 100 108 13
7 80 60 72 9
8 120 80 39 10
9 114 79 53 7
10 120 100 105 20
11 120 80 94 11
12 168 114 76 8
13 80 60 53 7
14 120 111 115 9
15 80 60 65 7
16 168 114 111 15
17 114 79 85 9
18 114 79 91 5
19 114 79 72 4
20 126 108 64 4
