100
1
587 233 220
20 50
1 114 98 74 2
2 120 100 105 4
3 114 79 114 5
4 120 80 31 1
5 126 108 64 3
6 80 60 65 3
7 168 114 111 1
8 114 79 72 3
9 114 79 91 2
10 80 60 72 2
11 80 60 53 3
12 120 111 115 6
13 114 79 85 2
14 120 100 108 2
15 120 80 94 3
16 168 114 76 1
17 120 80 74 2
18 114 79 53 3
19 80 60 33 2
2
587 233 220
20 50
1 114 79 114 5
2 120 80 39 3
3 120 80 74 3
4 168 114 111 3
5 120 100 108 6
6 114 79 53 2
7 80 60 33 1
8 114 79 85 4
9 114 98 74 2
10 120 80 31 7
11 80 60 72 1
12 168 114 76 3
13 120 111 115 3
14 120 100 105 2
15 80 60 53 2
16 114 79 72 1
17 80 60 65 2
3
587 233 220
20 50
1 114 79 114 9
2 168 114 111 1
3 114 98 74 2
4 80 60 72 2
5 120 100 105 8
6 114 79 53 2
7 126 108 64 2
8 120 80 39 5
9 114 79 72 4
10 114 79 91 1
11 120 80 94 3
12 120 80 74 3
13 114 79 85 2
14 120 100 108 3
15 120 111 115 1
16 80 60 65 1
17 120 80 31 1
4
587 233 220
20 50
1 120 100 105 6
2 114 79 85 2
3 114 98 74 3
4 114 79 114 7
5 114 79 91 3
6 120 80 74 5
7 168 114 76 2
8 120 80 31 2
9 126 108 64 4
10 80 60 33 3
11 168 114 111 2
12 114 79 72 3
13 80 60 65 1
14 120 80 39 2
15 120 80 94 1
16 120 100 108 1
17 120 111 115 2
18 80 60 53 1
5
587 233 220
20 50
1 120 80 74 4
2 168 114 76 5
3 80 60 72 7
4 120 100 108 5
5 114 79 85 2
6 114 98 74 1
7 120 100 105 2
8 168 114 111 4
9 120 80 31 4
10 80 60 65 1
11 120 80 39 2
12 114 79 114 7
13 80 60 53 1
14 80 60 33 2
15 120 80 94 2
16 120 111 115 1
6
587 233 220
20 50
1 120 100 105 5
2 120 80 94 5
3 114 79 114 3
4 120 80 74 4
5 168 114 111 4
6 114 79 85 4
7 120 100 108 2
8 80 60 53 1
9 120 111 115 2
10 126 108 64 3
11 80 60 33 3
12 80 60 65 2
13 168 114 76 2
14 120 80 39 2
15 114 79 91 2
16 114 79 53 2
17 80 60 72 3
18 114 79 72 1
7
587 233 220
20 50
1 120 80 74 1
2 114 79 91 2
3 80 60 72 8
4 120 100 105 5
5 114 79 53 5
6 114 79 72 3
7 80 60 33 1
8 80 60 65 1
9 114 79 114 2
10 80 60 53 2
11 120 100 108 5
12 114 98 74 2
13 126 108 64 3
14 168 114 76 2
15 120 80 31 2
16 120 80 39 2
17 120 111 115 2
18 120 80 94 2
8
587 233 220
20 50
1 120 100 105 4
2 114 79 114 6
3 120 80 31 6
4 120 100 108 8
5 168 114 76 1
6 126 108 64 2
7 114 79 72 3
8 80 60 72 1
9 114 79 85 2
10 80 60 65 2
11 168 114 111 3
12 114 98 74 2
13 114 79 91 1
14 120 80 39 3
15 114 79 53 2
16 80 60 33 2
17 120 111 115 2
9
587 233 220
20 50
1 168 114 76 3
2 114 79 114 10
3 120 80 39 4
4 120 100 105 10
5 120 80 94 3
6 80 60 53 3
7 114 98 74 2
8 120 80 74 2
9 80 60 72 4
10 120 80 31 1
11 126 108 64 1
12 114 79 72 1
13 120 100 108 2
14 120 111 115 2
15 114 79 53 1
16 80 60 33 1
10
587 233 220
20 50
1 114 98 74 6
2 114 79 53 4
3 114 79 85 5
4 120 80 31 6
5 114 79 114 5
6 120 80 39 3
7 120 111 115 3
8 120 80 74 2
9 120 100 105 2
10 80 60 72 2
11 168 114 76 3
12 80 60 33 2
13 114 79 91 1
14 120 80 94 2
15 80 60 53 1
16 168 114 111 2
17 120 100 108 1
11
587 233 220
20 50
1 120 111 115 3
2 80 60 33 2
3 120 100 105 4
4 168 114 76 5
5 80 60 72 3
6 114 79 72 1
7 114 98 74 4
8 120 80 74 6
9 120 80 94 2
10 120 80 39 2
11 114 79 53 1
12 120 80 31 3
13 114 79 91 2
14 114 79 114 4
15 120 100 108 2
16 80 60 65 2
17 114 79 85 2
18 126 108 64 1
19 168 114 111 1
12
587 233 220
20 50
1 120 100 108 2
2 114 79 114 4
3 120 80 31 10
4 126 108 64 1
5 120 80 39 2
6 168 114 111 4
7 80 60 72 2
8 114 98 74 1
9 120 100 105 4
10 114 79 85 4
11 114 79 91 1
12 120 111 115 4
13 114 79 72 3
14 120 80 94 2
15 80 60 65 2
16 168 114 76 1
17 114 79 53 1
18 120 80 74 1
19 80 60 53 1
13
587 233 220
20 50
1 114 79 85 3
2 120 100 105 7
3 80 60 33 1
4 168 114 76 1
5 120 80 94 2
6 120 100 108 5
7 114 98 74 2
8 120 80 74 3
9 114 79 72 1
10 120 111 115 3
11 114 79 114 9
12 80 60 65 3
13 168 114 111 2
14 80 60 72 3
15 120 80 31 2
16 126 108 64 2
17 120 80 39 1
14
587 233 220
20 50
1 120 80 31 6
2 120 100 108 6
3 168 114 111 3
4 120 100 105 6
5 80 60 72 3
6 120 80 94 1
7 120 80 39 2
8 114 98 74 2
9 114 79 53 3
10 80 60 53 1
11 80 60 33 2
12 114 79 72 3
13 120 111 115 3
14 126 108 64 1
15 114 79 85 3
16 80 60 65 2
17 168 114 76 1
18 120 80 74 1
19 114 79 114 1
15
587 233 220
20 50
1 114 79 114 8
2 80 60 72 4
3 126 108 64 1
4 120 100 108 3
5 114 79 85 3
6 120 100 105 4
7 168 114 76 2
8 120 111 115 4
9 120 80 39 2
10 120 80 74 2
11 114 98 74 1
12 120 80 31 1
13 114 79 72 3
14 114 79 53 5
15 80 60 33 2
16 168 114 111 2
17 120 80 94 2
18 114 79 91 1
16
587 233 220
20 50
1 114 79 53 3
2 120 80 74 2
3 120 100 108 5
4 80 60 65 2
5 120 100 105 6
6 114 79 72 1
7 80 60 72 6
8 120 80 94 4
9 114 79 114 6
10 168 114 111 1
11 168 114 76 1
12 120 80 31 4
13 120 111 115 2
14 114 79 85 3
15 120 80 39 3
16 114 79 91 1
17
587 233 220
20 50
1 114 79 85 5
2 120 80 74 5
3 80 60 33 2
4 114 79 53 5
5 114 98 74 4
6 114 79 91 3
7 114 79 114 4
8 80 60 72 1
9 120 100 108 2
10 168 114 76 1
11 120 100 105 3
12 168 114 111 3
13 120 80 39 3
14 120 80 94 2
15 120 80 31 5
16 120 111 115 1
17 126 108 64 1
18
587 233 220
20 50
1 120 80 94 3
2 120 100 105 4
3 114 98 74 6
4 114 79 114 3
5 80 60 72 5
6 120 111 115 2
7 80 60 33 3
8 120 80 39 1
9 120 80 31 1
10 168 114 76 4
11 114 79 72 2
12 126 108 64 3
13 80 60 53 1
14 114 79 53 3
15 120 100 108 5
16 168 114 111 2
17 120 80 74 1
18 114 79 85 1
19
587 233 220
20 50
1 120 100 105 9
2 120 80 31 2
3 120 80 74 5
4 114 79 114 6
5 80 60 33 4
6 114 98 74 2
7 114 79 72 1
8 114 79 85 4
9 120 80 39 3
10 114 79 53 2
11 120 100 108 3
12 80 60 53 2
13 120 111 115 1
14 80 60 72 2
15 120 80 94 1
16 80 60 65 2
17 114 79 91 1
20
587 233 220
20 50
1 120 80 31 1
2 168 114 111 2
3 120 80 74 3
4 114 79 114 9
5 120 100 105 5
6 120 80 39 3
7 114 98 74 5
8 126 108 64 2
9 120 80 94 2
10 120 100 108 5
11 114 79 53 2
12 114 79 91 1
13 80 60 53 1
14 80 60 72 3
15 114 79 85 1
16 80 60 65 1
17 114 79 72 2
18 120 111 115 2
21
587 233 220
20 50
1 168 114 76 2
2 114 98 74 3
3 120 80 74 5
4 80 60 72 3
5 80 60 65 2
6 120 80 39 2
7 114 79 91 4
8 114 79 114 2
9 114 79 72 1
10 126 108 64 1
11 120 100 108 5
12 168 114 111 2
13 120 80 94 3
14 120 100 105 2
15 120 111 115 3
16 114 79 85 1
17 114 79 53 3
18 80 60 33 1
19 120 80 31 3
20 80 60 53 2
22
587 233 220
20 50
1 114 79 114 6
2 80 60 72 2
3 126 108 64 2
4 114 79 85 6
5 114 98 74 2
6 80 60 65 3
7 120 100 108 2
8 80 60 53 1
9 120 80 31 4
10 168 114 76 1
11 114 79 53 1
12 120 100 105 3
13 120 80 94 3
14 168 114 111 3
15 120 80 74 2
16 120 80 39 2
17 114 79 91 2
18 120 111 115 4
19 80 60 33 1
23
587 233 220
20 50
1 120 100 105 8
2 80 60 72 2
3 120 100 108 3
4 168 114 76 3
5 114 79 114 10
6 120 80 31 6
7 114 79 53 1
8 114 79 85 1
9 126 108 64 3
10 114 98 74 1
11 114 79 91 2
12 80 60 33 2
13 120 111 115 2
14 120 80 39 3
15 80 60 53 2
16 120 80 94 1
24
587 233 220
20 50
1 168 114 111 3
2 120 100 108 6
3 120 111 115 4
4 114 79 53 5
5 114 79 114 5
6 114 98 74 3
7 120 80 74 3
8 80 60 72 5
9 120 80 94 2
10 120 100 105 4
11 120 80 31 2
12 114 79 85 2
13 80 60 53 3
14 114 79 91 1
15 80 60 33 1
16 120 80 39 1
25
587 233 220
20 50
1 120 80 94 4
2 114 79 53 6
3 120 100 105 6
4 114 79 91 5
5 114 79 114 6
6 168 114 76 2
7 120 80 39 1
8 80 60 65 1
9 114 79 85 3
10 168 114 111 2
11 120 111 115 2
12 80 60 53 2
13 80 60 72 4
14 114 98 74 2
15 120 80 74 2
16 126 108 64 1
17 120 80 31 1
26
587 233 220
20 50
1 120 100 108 6
2 114 79 53 4
3 114 79 91 1
4 114 79 72 2
5 120 111 115 2
6 114 98 74 2
7 120 100 105 1
8 120 80 31 4
9 126 108 64 3
10 120 80 94 3
11 114 79 85 1
12 80 60 72 2
13 120 80 74 5
14 168 114 111 1
15 114 79 114 5
16 80 60 33 5
17 120 80 39 1
18 168 114 76 2
27
587 233 220
20 50
1 120 100 105 7
2 114 79 114 3
3 120 80 31 3
4 120 80 74 7
5 114 79 85 2
6 114 79 91 1
7 114 98 74 7
8 114 79 72 3
9 80 60 53 1
10 120 100 108 2
11 120 80 39 2
12 80 60 72 3
13 168 114 76 3
14 114 79 53 2
15 168 114 111 2
16 80 60 65 1
17 80 60 33 1
28
587 233 220
20 50
1 80 60 65 5
2 80 60 53 1
3 120 100 105 8
4 114 79 91 2
5 120 100 108 3
6 80 60 72 3
7 120 80 31 2
8 168 114 76 4
9 114 79 114 6
10 120 80 39 4
11 168 114 111 2
12 120 80 74 3
13 114 79 72 1
14 120 80 94 1
15 80 60 33 1
16 114 79 85 3
17 114 79 53 1
29
587 233 220
20 50
1 120 100 105 7
2 120 100 108 3
3 80 60 33 1
4 114 79 114 4
5 120 80 39 1
6 120 111 115 4
7 168 114 76 4
8 120 80 31 6
9 80 60 72 6
10 120 80 74 3
11 80 60 65 1
12 114 79 53 2
13 120 80 94 3
14 114 79 85 4
15 168 114 111 1
30
587 233 220
20 50
1 120 100 105 5
2 114 98 74 4
3 120 80 74 3
4 114 79 53 3
5 114 79 114 5
6 120 80 39 2
7 80 60 65 2
8 80 60 72 5
9 126 108 64 2
10 80 60 53 3
11 80 60 33 1
12 168 114 76 2
13 120 100 108 7
14 120 80 94 1
15 120 80 31 1
16 168 114 111 1
17 120 111 115 3
31
587 233 220
20 50
1 120 80 94 2
2 120 80 31 4
3 120 100 108 8
4 80 60 33 1
5 114 79 114 4
6 80 60 72 4
7 168 114 111 3
8 80 60 65 2
9 80 60 53 2
10 114 79 91 4
11 114 79 53 2
12 126 108 64 3
13 114 79 85 4
14 120 100 105 4
15 168 114 76 1
16 114 98 74 1
17 120 80 74 1
32
587 233 220
20 50
1 114 79 114 6
2 120 100 108 3
3 120 80 39 2
4 120 111 115 4
5 80 60 53 3
6 120 100 105 4
7 168 114 111 3
8 120 80 31 1
9 114 98 74 4
10 168 114 76 3
11 114 79 53 1
12 80 60 72 2
13 126 108 64 4
14 80 60 33 4
15 114 79 72 2
16 80 60 65 2
17 114 79 85 1
18 114 79 91 1
33
587 233 220
20 50
1 114 79 114 6
2 120 80 31 7
3 80 60 72 3
4 120 100 108 2
5 120 100 105 5
6 114 79 53 3
7 120 111 115 6
8 126 108 64 3
9 120 80 94 3
10 80 60 33 5
11 114 98 74 2
12 80 60 53 2
13 114 79 91 1
14 120 80 74 1
15 168 114 111 1
34
587 233 220
20 50
1 80 60 72 5
2 120 80 39 2
3 114 79 114 7
4 126 108 64 1
5 120 80 31 3
6 114 79 53 4
7 120 100 105 5
8 114 98 74 2
9 80 60 53 3
10 120 100 108 4
11 120 80 74 4
12 168 114 76 2
13 114 79 85 3
14 114 79 91 1
15 168 114 111 1
16 120 80 94 1
17 120 111 115 2
35
587 233 220
20 50
1 114 79 114 6
2 120 111 115 5
3 120 100 105 5
4 120 80 74 4
5 114 79 85 4
6 126 108 64 4
7 168 114 76 2
8 120 80 31 4
9 120 100 108 2
10 80 60 72 1
11 80 60 33 1
12 80 60 53 1
13 114 79 91 1
14 120 80 94 3
15 114 98 74 3
16 120 80 39 2
17 168 114 111 1
18 114 79 72 1
36
587 233 220
20 50
1 80 60 53 2
2 120 80 39 5
3 80 60 33 1
4 114 98 74 3
5 120 80 74 3
6 114 79 53 2
7 168 114 76 3
8 126 108 64 1
9 120 80 31 3
10 80 60 72 5
11 114 79 114 4
12 120 100 108 4
13 120 111 115 4
14 120 80 94 1
15 120 100 105 3
16 114 79 85 3
17 114 79 91 2
18 168 114 111 1
37
587 233 220
20 50
1 120 111 115 5
2 120 100 105 8
3 120 80 39 4
4 120 100 108 3
5 114 79 114 5
6 114 79 53 6
7 114 79 85 2
8 120 80 31 3
9 114 98 74 1
10 114 79 72 1
11 120 80 74 2
12 80 60 72 3
13 126 108 64 1
14 168 114 111 3
15 114 79 91 2
16 120 80 94 1
38
587 233 220
20 50
1 120 100 105 6
2 80 60 53 4
3 120 80 94 6
4 120 80 31 4
5 114 79 114 3
6 120 80 74 2
7 120 80 39 2
8 168 114 76 2
9 114 79 53 2
10 114 79 72 2
11 80 60 72 2
12 114 98 74 2
13 114 79 85 3
14 120 111 115 2
15 120 100 108 2
16 168 114 111 3
17 80 60 65 1
18 126 108 64 1
19 114 79 91 1
39
587 233 220
20 50
1 120 80 31 7
2 120 100 105 3
3 80 60 72 2
4 120 111 115 1
5 114 98 74 9
6 120 80 74 3
7 114 79 72 3
8 168 114 111 4
9 120 80 94 3
10 80 60 65 1
11 168 114 76 3
12 114 79 53 2
13 120 100 108 2
14 114 79 114 2
15 120 80 39 3
16 114 79 85 1
17 80 60 53 1
40
587 233 220
20 50
1 114 98 74 6
2 120 80 31 4
3 120 80 94 3
4 120 100 105 5
5 114 79 53 3
6 120 100 108 6
7 114 79 114 4
8 80 60 72 2
9 120 80 74 3
10 168 114 76 1
11 120 80 39 1
12 80 60 65 2
13 114 79 85 1
14 168 114 111 2
15 80 60 33 1
16 114 79 72 2
17 114 79 91 2
18 126 108 64 1
19 80 60 53 1
41
587 233 220
20 50
1 120 100 108 6
2 120 80 94 1
3 114 79 85 6
4 114 79 72 4
5 168 114 111 5
6 114 79 114 8
7 114 79 53 2
8 120 80 39 2
9 120 80 31 2
10 114 98 74 1
11 120 100 105 5
12 80 60 72 1
13 120 80 74 2
14 80 60 65 3
15 80 60 53 1
16 114 79 91 1
42
587 233 220
20 50
1 120 100 105 7
2 80 60 33 3
3 80 60 72 3
4 120 80 94 1
5 80 60 65 1
6 80 60 53 2
7 126 108 64 2
8 120 100 108 4
9 114 79 114 8
10 114 79 72 4
11 120 80 31 3
12 168 114 76 2
13 114 79 53 4
14 120 80 39 1
15 120 80 74 2
16 120 111 115 1
17 114 98 74 1
18 114 79 91 1
43
587 233 220
20 50
1 80 60 53 3
2 126 108 64 3
3 114 79 91 3
4 114 79 53 3
5 120 100 105 5
6 114 79 114 5
7 120 80 31 4
8 120 80 74 3
9 168 114 111 1
10 168 114 76 3
11 120 100 108 3
12 120 111 115 3
13 120 80 94 2
14 114 79 85 1
15 80 60 72 1
16 114 98 74 2
17 114 79 72 1
18 120 80 39 3
19 80 60 33 1
44
587 233 220
20 50
1 120 80 74 3
2 114 79 85 3
3 114 79 114 4
4 120 80 31 4
5 80 60 53 3
6 80 60 72 3
7 168 114 76 4
8 120 111 115 3
9 114 98 74 6
10 120 100 105 5
11 120 100 108 4
12 126 108 64 3
13 114 79 91 2
14 168 114 111 1
15 80 60 33 1
16 114 79 72 1
45
587 233 220
20 50
1 120 100 105 3
2 114 79 114 7
3 114 79 85 1
4 126 108 64 2
5 120 111 115 2
6 120 80 31 3
7 120 80 74 1
8 120 80 39 3
9 168 114 76 3
10 168 114 111 1
11 114 79 72 3
12 80 60 33 2
13 80 60 72 6
14 120 80 94 2
15 114 79 53 2
16 120 100 108 6
17 114 98 74 2
18 80 60 65 1
46
587 233 220
20 50
1 114 98 74 3
2 120 100 108 4
3 168 114 111 3
4 126 108 64 2
5 114 79 114 4
6 120 80 31 6
7 120 80 94 1
8 120 100 105 5
9 114 79 53 4
10 120 111 115 5
11 120 80 74 3
12 114 79 91 2
13 80 60 33 2
14 168 114 76 2
15 120 80 39 1
16 80 60 72 2
17 114 79 85 1
47
587 233 220
20 50
1 120 80 39 4
2 120 80 94 3
3 114 79 114 8
4 80 60 72 2
5 80 60 53 1
6 168 114 111 5
7 168 114 76 2
8 126 108 64 5
9 80 60 33 2
10 120 111 115 4
11 120 80 74 3
12 114 79 85 3
13 120 100 105 3
14 114 79 53 2
15 114 79 91 2
16 114 98 74 1
48
587 233 220
20 50
1 80 60 33 2
2 80 60 65 2
3 120 80 31 7
4 114 79 85 6
5 114 98 74 3
6 114 79 72 3
7 168 114 76 1
8 114 79 114 6
9 114 79 91 1
10 80 60 72 3
11 120 80 39 3
12 120 111 115 4
13 120 100 105 2
14 120 80 74 3
15 168 114 111 1
16 120 100 108 2
17 80 60 53 1
49
587 233 220
20 50
1 168 114 111 1
2 114 79 114 9
3 80 60 72 8
4 120 100 105 2
5 114 79 72 2
6 120 80 94 6
7 114 79 53 4
8 120 111 115 3
9 168 114 76 3
10 80 60 53 2
11 80 60 33 2
12 80 60 65 4
13 120 80 31 1
14 120 100 108 1
15 114 79 85 1
16 120 80 74 1
50
587 233 220
20 50
1 120 111 115 4
2 120 100 108 2
3 114 98 74 3
4 120 80 31 3
5 80 60 72 4
6 80 60 33 3
7 114 79 53 4
8 168 114 111 1
9 114 79 114 3
10 114 79 85 3
11 114 79 72 3
12 126 108 64 4
13 80 60 53 4
14 120 80 94 3
15 120 80 39 2
16 168 114 76 3
17 120 100 105 1
51
587 233 220
20 50
1 120 100 105 8
2 120 100 108 3
3 114 79 85 5
4 80 60 65 3
5 80 60 72 5
6 120 80 74 4
7 114 79 114 4
8 80 60 33 3
9 114 98 74 2
10 168 114 76 2
11 120 111 115 1
12 114 79 91 2
13 120 80 39 2
14 120 80 31 1
15 120 80 94 4
16 114 79 53 1
52
587 233 220
20 50
1 120 80 94 3
2 168 114 111 2
3 80 60 65 3
4 114 79 114 3
5 120 80 74 3
6 120 80 39 5
7 168 114 76 2
8 114 79 53 3
9 120 100 105 6
10 80 60 53 3
11 80 60 72 2
12 114 79 85 2
13 120 80 31 3
14 114 79 91 2
15 126 108 64 1
16 120 100 108 2
17 80 60 33 3
18 114 98 74 1
19 120 111 115 1
53
587 233 220
20 50
1 120 100 108 10
2 114 79 91 5
3 168 114 111 1
4 114 79 72 2
5 80 60 33 2
6 120 80 31 4
7 80 60 72 3
8 114 79 114 3
9 168 114 76 1
10 120 100 105 3
11 120 80 39 2
12 120 80 74 3
13 120 111 115 2
14 120 80 94 3
15 114 79 85 3
16 114 79 53 1
17 80 60 65 2
54
587 233 220
20 50
1 120 100 105 5
2 114 79 85 4
3 114 79 114 6
4 168 114 111 1
5 120 100 108 7
6 114 79 53 1
7 80 60 33 2
8 80 60 53 3
9 80 60 72 5
10 114 98 74 4
11 120 80 31 3
12 80 60 65 2
13 120 80 94 2
14 114 79 72 1
15 168 114 76 2
16 120 80 39 1
17 120 80 74 1
55
587 233 220
20 50
1 120 80 31 4
2 120 80 39 2
3 168 114 76 4
4 114 79 85 4
5 114 79 53 4
6 114 79 114 2
7 120 80 94 4
8 80 60 33 3
9 80 60 65 2
10 126 108 64 2
11 120 111 115 1
12 80 60 72 2
13 114 98 74 4
14 120 100 108 3
15 120 80 74 3
16 120 100 105 3
17 114 79 72 2
18 80 60 53 1
56
587 233 220
20 50
1 120 100 105 8
2 114 79 91 1
3 114 79 85 1
4 114 79 114 5
5 120 100 108 7
6 114 98 74 3
7 80 60 65 1
8 120 80 94 1
9 80 60 53 4
10 120 80 39 3
11 168 114 111 3
12 120 111 115 2
13 114 79 53 4
14 114 79 72 1
15 120 80 74 1
16 80 60 72 3
17 120 80 31 2
57
587 233 220
20 50
1 114 79 114 6
2 114 79 91 1
3 168 114 111 6
4 120 100 108 3
5 120 80 94 3
6 120 100 105 5
7 80 60 72 4
8 120 111 115 2
9 120 80 74 4
10 114 79 85 4
11 120 80 31 1
12 126 108 64 1
13 120 80 39 3
14 80 60 53 2
15 80 60 33 2
16 114 79 72 2
17 114 79 53 1
58
587 233 220
20 50
1 120 100 105 2
2 120 100 108 4
3 120 80 31 5
4 114 79 85 5
5 80 60 65 1
6 114 79 114 4
7 80 60 53 3
8 168 114 76 1
9 80 60 72 7
10 80 60 33 2
11 120 80 94 1
12 114 98 74 3
13 120 80 39 3
14 114 79 72 2
15 114 79 53 3
16 126 108 64 2
17 120 111 115 1
18 168 114 111 1
59
587 233 220
20 50
1 114 79 53 3
2 120 80 39 1
3 120 100 108 2
4 120 80 31 3
5 80 60 65 3
6 168 114 111 2
7 120 100 105 7
8 80 60 33 1
9 126 108 64 2
10 80 60 53 2
11 80 60 72 3
12 114 79 72 1
13 120 111 115 2
14 114 79 91 1
15 114 79 114 4
16 168 114 76 2
17 120 80 74 3
18 114 98 74 5
19 120 80 94 2
20 114 79 85 1
60
587 233 220
20 50
1 168 114 111 4
2 120 100 105 5
3 80 60 72 6
4 120 80 39 1
5 120 100 108 4
6 120 111 115 4
7 126 108 64 2
8 114 98 74 2
9 120 80 31 3
10 120 80 94 3
11 114 79 114 5
12 80 60 53 2
13 80 60 65 2
14 120 80 74 2
15 168 114 76 1
16 114 79 72 2
17 114 79 53 1
18 80 60 33 1
61
587 233 220
20 50
1 120 100 105 4
2 114 79 91 2
3 80 60 33 2
4 80 60 72 4
5 120 80 31 1
6 120 100 108 3
7 114 79 114 12
8 120 111 115 2
9 120 80 74 2
10 114 79 53 1
11 114 98 74 5
12 126 108 64 1
13 114 79 85 2
14 114 79 72 1
15 120 80 94 1
16 120 80 39 2
17 80 60 53 2
18 80 60 65 1
19 168 114 76 2
62
587 233 220
20 50
1 114 79 85 6
2 120 80 74 2
3 120 100 105 4
4 126 108 64 2
5 120 80 94 2
6 114 79 114 4
7 120 80 31 3
8 114 79 72 5
9 120 80 39 5
10 114 79 53 1
11 120 100 108 4
12 168 114 76 1
13 80 60 72 3
14 120 111 115 3
15 80 60 65 2
16 168 114 111 1
17 80 60 53 1
18 114 98 74 1
63
587 233 220
20 50
1 80 60 33 4
2 114 98 74 3
3 120 80 74 3
4 114 79 114 11
5 80 60 72 5
6 120 80 31 3
7 168 114 76 3
8 120 100 105 5
9 114 79 91 1
10 80 60 53 1
11 120 100 108 1
12 120 111 115 3
13 114 79 85 3
14 120 80 94 2
15 114 79 53 1
16 114 79 72 1
64
587 233 220
20 50
1 120 80 31 4
2 114 79 53 4
3 114 79 85 5
4 168 114 111 3
5 120 111 115 2
6 114 98 74 2
7 168 114 76 2
8 120 100 105 4
9 120 80 94 2
10 120 80 74 4
11 120 100 108 4
12 80 60 72 4
13 80 60 53 1
14 120 80 39 2
15 114 79 114 4
16 80 60 65 1
17 80 60 33 1
18 126 108 64 1
65
587 233 220
20 50
1 114 79 114 10
2 80 60 53 3
3 120 100 108 1
4 80 60 33 1
5 126 108 64 2
6 120 80 74 2
7 168 114 76 1
8 120 80 94 2
9 120 100 105 7
10 120 111 115 4
11 80 60 72 7
12 120 80 31 2
13 114 79 91 2
14 114 79 72 2
15 114 98 74 1
16 120 80 39 1
17 80 60 65 2
66
587 233 220
20 50
1 114 79 114 4
2 114 79 85 5
3 114 79 53 6
4 168 114 76 3
5 126 108 64 1
6 80 60 72 3
7 114 79 91 4
8 120 100 105 3
9 120 111 115 3
10 120 100 108 2
11 114 79 72 2
12 168 114 111 1
13 120 80 39 2
14 120 80 31 2
15 80 60 33 3
16 120 80 74 2
17 114 98 74 2
18 80 60 53 1
19 80 60 65 1
67
587 233 220
20 50
1 120 100 105 7
2 114 79 91 1
3 114 79 114 7
4 120 80 39 3
5 120 80 94 3
6 80 60 53 3
7 126 108 64 2
8 120 80 31 5
9 168 114 111 3
10 80 60 33 2
11 80 60 72 2
12 120 100 108 6
13 168 114 76 2
14 120 80 74 1
15 114 79 53 1
16 114 79 85 1
17 114 98 74 1
68
587 233 220
20 50
1 114 79 114 9
2 114 98 74 4
3 120 80 31 4
4 114 79 85 5
5 168 114 76 1
6 120 100 108 2
7 120 80 74 4
8 168 114 111 4
9 80 60 72 3
10 126 108 64 3
11 120 100 105 3
12 80 60 33 2
13 114 79 53 1
14 114 79 91 2
15 120 80 94 1
16 120 80 39 1
17 120 111 115 1
69
587 233 220
20 50
1 114 79 72 3
2 120 111 115 2
3 114 98 74 1
4 114 79 114 7
5 80 60 33 2
6 168 114 111 3
7 120 100 105 6
8 120 80 94 3
9 80 60 53 3
10 80 60 72 3
11 168 114 76 3
12 120 80 31 4
13 114 79 85 3
14 114 79 53 1
15 120 80 74 3
16 126 108 64 1
17 120 80 39 1
18 120 100 108 1
70
587 233 220
20 50
1 80 60 33 2
2 114 79 114 5
3 114 79 91 5
4 120 100 108 6
5 120 80 94 5
6 126 108 64 2
7 120 100 105 5
8 114 98 74 2
9 114 79 53 2
10 168 114 76 3
11 80 60 65 1
12 120 80 31 1
13 120 80 74 4
14 114 79 85 2
15 120 80 39 2
16 80 60 72 3
71
587 233 220
20 50
1 80 60 72 7
2 120 100 105 6
3 114 79 91 3
4 114 79 85 2
5 120 80 39 2
6 120 80 31 3
7 120 100 108 4
8 114 79 53 3
9 114 98 74 4
10 126 108 64 1
11 114 79 114 4
12 80 60 53 3
13 80 60 65 2
14 80 60 33 2
15 120 80 74 2
16 120 80 94 1
17 114 79 72 1
72
587 233 220
20 50
1 120 100 108 2
2 120 80 94 3
3 114 79 91 2
4 80 60 72 9
5 114 79 114 4
6 120 100 105 8
7 168 114 76 3
8 114 79 53 2
9 114 98 74 4
10 120 80 31 5
11 114 79 72 2
12 80 60 33 1
13 120 80 74 2
14 114 79 85 2
15 120 80 39 1
73
587 233 220
20 50
1 120 100 105 4
2 80 60 53 3
3 114 79 85 5
4 114 98 74 1
5 120 80 74 6
6 80 60 72 7
7 114 79 114 4
8 114 79 72 3
9 120 80 94 1
10 120 80 39 3
11 120 111 115 2
12 168 114 111 3
13 114 79 53 2
14 114 79 91 1
15 120 100 108 2
16 126 108 64 1
17 120 80 31 2
74
587 233 220
20 50
1 120 111 115 2
2 120 80 31 5
3 120 100 108 4
4 114 79 114 4
5 80 60 72 6
6 120 80 94 2
7 120 100 105 4
8 114 79 85 3
9 114 79 53 1
10 120 80 74 7
11 80 60 53 4
12 168 114 111 1
13 114 79 91 1
14 80 60 65 1
15 168 114 76 3
16 114 98 74 1
17 80 60 33 1
75
587 233 220
20 50
1 120 80 31 7
2 120 100 105 7
3 114 79 53 1
4 114 98 74 2
5 80 60 65 1
6 80 60 53 2
7 80 60 33 3
8 120 80 39 3
9 120 100 108 6
10 120 80 94 1
11 168 114 76 1
12 126 108 64 1
13 168 114 111 4
14 114 79 114 4
15 80 60 72 1
16 114 79 85 2
17 120 111 115 2
18 114 79 91 1
19 114 79 72 1
76
587 233 220
20 50
1 168 114 111 4
2 120 80 94 5
3 120 80 74 6
4 80 60 72 6
5 114 79 53 2
6 114 79 114 2
7 80 60 33 4
8 120 111 115 6
9 114 98 74 2
10 120 100 108 2
11 168 114 76 2
12 120 80 31 4
13 120 100 105 3
14 120 80 39 1
15 80 60 53 1
77
587 233 220
20 50
1 80 60 65 2
2 120 111 115 7
3 114 79 72 1
4 80 60 72 2
5 168 114 111 2
6 114 98 74 4
7 120 80 39 5
8 120 100 105 6
9 114 79 114 4
10 114 79 53 2
11 80 60 33 2
12 114 79 85 2
13 120 100 108 3
14 120 80 31 1
15 168 114 76 2
16 80 60 53 1
17 120 80 94 1
18 126 108 64 1
19 114 79 91 1
20 120 80 74 1
78
587 233 220
20 50
1 114 79 72 2
2 114 79 85 3
3 120 100 105 6
4 120 80 94 3
5 80 60 72 6
6 120 80 31 3
7 168 114 111 5
8 114 98 74 2
9 168 114 76 3
10 80 60 53 4
11 114 79 114 4
12 120 80 39 2
13 114 79 53 3
14 120 80 74 2
15 120 100 108 1
16 120 111 115 1
79
587 233 220
20 50
1 168 114 111 2
2 126 108 64 1
3 80 60 72 3
4 120 111 115 5
5 114 79 53 3
6 120 80 74 4
7 80 60 33 4
8 168 114 76 2
9 114 79 85 2
10 120 100 108 2
11 114 79 114 4
12 114 98 74 2
13 120 80 39 3
14 120 80 94 2
15 120 80 31 5
16 80 60 53 3
17 114 79 91 1
18 120 100 105 1
19 80 60 65 1
80
587 233 220
20 50
1 120 80 74 8
2 120 80 39 1
3 168 114 111 5
4 80 60 72 6
5 120 80 31 6
6 114 79 85 1
7 114 79 72 1
8 168 114 76 2
9 120 111 115 5
10 114 79 53 2
11 120 100 105 4
12 120 80 94 1
13 114 79 91 2
14 114 98 74 3
15 80 60 53 1
16 120 100 108 1
17 80 60 65 1
81
587 233 220
20 50
1 168 114 76 2
2 114 98 74 3
3 120 80 39 1
4 120 100 108 4
5 120 80 31 2
6 168 114 111 1
7 114 79 114 6
8 120 80 94 4
9 80 60 72 4
10 114 79 53 1
11 80 60 53 2
12 80 60 33 1
13 114 79 91 3
14 120 111 115 3
15 114 79 72 3
16 120 100 105 5
17 126 108 64 1
18 114 79 85 3
19 120 80 74 1
82
587 233 220
20 50
1 120 100 105 9
2 114 79 114 4
3 126 108 64 2
4 114 98 74 4
5 120 80 74 5
6 120 80 31 4
7 114 79 53 2
8 80 60 72 3
9 168 114 111 1
10 120 80 39 5
11 114 79 85 2
12 80 60 65 1
13 120 100 108 1
14 120 80 94 2
15 80 60 33 1
16 120 111 115 2
17 114 79 91 1
18 80 60 53 1
83
587 233 220
20 50
1 120 100 105 5
2 168 114 76 5
3 114 79 114 4
4 120 80 39 2
5 120 111 115 2
6 114 79 53 1
7 114 79 85 4
8 120 100 108 2
9 120 80 31 4
10 168 114 111 1
11 120 80 74 3
12 126 108 64 3
13 80 60 72 4
14 114 98 74 7
15 114 79 72 2
16 80 60 65 1
84
587 233 220
20 50
1 120 80 74 6
2 120 100 108 7
3 114 79 114 4
4 114 79 53 4
5 168 114 76 2
6 114 79 85 2
7 120 80 94 4
8 114 98 74 3
9 120 80 31 6
10 168 114 111 1
11 80 60 33 1
12 114 79 72 3
13 120 100 105 5
14 120 111 115 1
15 80 60 53 1
85
587 233 220
20 50
1 168 114 76 4
2 80 60 72 3
3 120 111 115 3
4 114 79 114 8
5 114 98 74 4
6 120 80 39 2
7 114 79 85 3
8 80 60 33 2
9 120 80 94 1
10 114 79 53 2
11 80 60 65 3
12 120 80 31 4
13 120 100 105 3
14 126 108 64 1
15 120 100 108 1
16 120 80 74 2
17 168 114 111 3
18 80 60 53 1
86
587 233 220
20 50
1 80 60 72 3
2 168 114 76 1
3 114 79 85 4
4 114 98 74 5
5 114 79 72 1
6 114 79 53 3
7 120 80 74 5
8 120 100 108 2
9 120 111 115 3
10 114 79 91 2
11 126 108 64 2
12 168 114 111 1
13 114 79 114 6
14 120 100 105 4
15 80 60 53 2
16 120 80 39 1
17 120 80 31 5
87
587 233 220
20 50
1 114 79 91 2
2 114 79 114 7
3 120 80 74 4
4 80 60 33 1
5 126 108 64 3
6 120 100 105 2
7 120 100 108 6
8 114 98 74 3
9 120 80 39 2
10 120 111 115 2
11 114 79 72 1
12 114 79 53 1
13 80 60 72 3
14 114 79 85 1
15 120 80 31 4
16 168 114 76 3
17 168 114 111 2
18 120 80 94 3
88
587 233 220
20 50
1 114 98 74 4
2 80 60 72 4
3 120 80 31 4
4 168 114 76 2
5 120 100 105 5
6 114 79 85 4
7 114 79 114 6
8 120 80 74 2
9 120 80 39 3
10 120 111 115 3
11 114 79 53 3
12 114 79 91 2
13 80 60 33 2
14 120 100 108 2
15 126 108 64 1
16 80 60 65 1
17 114 79 72 1
18 120 80 94 1
89
587 233 220
20 50
1 120 80 31 5
2 120 111 115 3
3 114 79 114 7
4 120 80 74 2
5 114 79 53 2
6 114 98 74 2
7 114 79 85 3
8 80 60 53 1
9 114 79 72 2
10 120 80 94 5
11 120 100 105 5
12 120 100 108 1
13 120 80 39 2
14 114 79 91 1
15 126 108 64 1
16 80 60 72 3
17 80 60 33 2
18 168 114 111 2
19 168 114 76 1
90
587 233 220
20 50
1 80 60 53 2
2 114 79 85 2
3 120 100 105 7
4 120 80 74 5
5 168 114 111 3
6 120 111 115 2
7 80 60 72 7
8 80 60 33 1
9 114 79 114 6
10 114 79 53 4
11 120 100 108 3
12 126 108 64 2
13 114 79 91 1
14 120 80 31 2
15 120 80 94 1
16 80 60 65 1
17 114 98 74 1
91
587 233 220
20 50
1 120 100 105 3
2 114 79 85 3
3 120 80 39 3
4 114 79 114 6
5 80 60 65 2
6 114 79 53 6
7 126 108 64 3
8 80 60 72 2
9 120 100 108 4
10 168 114 111 3
11 120 80 74 3
12 114 79 72 1
13 120 80 31 2
14 114 79 91 2
15 114 98 74 3
16 120 80 94 3
17 120 111 115 1
92
587 233 220
20 50
1 114 79 114 9
2 114 79 85 3
3 120 80 74 3
4 120 100 105 5
5 80 60 72 2
6 120 111 115 2
7 120 80 31 4
8 114 98 74 7
9 120 100 108 3
10 80 60 65 1
11 80 60 53 2
12 80 60 33 1
13 168 114 76 2
14 114 79 72 2
15 120 80 94 3
16 114 79 53 1
93
587 233 220
20 50
1 120 80 94 3
2 120 80 74 3
3 114 79 85 1
4 120 80 31 4
5 80 60 72 5
6 114 79 114 9
7 114 79 91 3
8 80 60 33 2
9 120 100 105 4
10 80 60 65 2
11 114 79 72 2
12 120 100 108 3
13 114 98 74 4
14 114 79 53 2
15 126 108 64 1
16 168 114 111 2
94
587 233 220
20 50
1 120 80 94 2
2 80 60 72 3
3 114 79 85 5
4 114 79 72 2
5 114 98 74 4
6 120 80 31 4
7 80 60 53 1
8 120 100 108 5
9 120 100 105 3
10 120 111 115 3
11 80 60 65 2
12 114 79 114 4
13 80 60 33 1
14 114 79 53 2
15 168 114 111 1
16 120 80 74 2
17 120 80 39 1
18 168 114 76 2
19 114 79 91 1
20 126 108 64 2
95
587 233 220
20 50
1 120 100 108 4
2 168 114 111 5
3 114 79 85 2
4 114 98 74 8
5 120 80 74 2
6 120 100 105 3
7 120 80 39 2
8 120 111 115 5
9 80 60 53 3
10 80 60 33 2
11 120 80 94 3
12 120 80 31 5
13 114 79 53 1
14 80 60 72 1
15 80 60 65 1
16 114 79 114 1
17 114 79 72 1
18 126 108 64 1
96
587 233 220
20 50
1 126 108 64 1
2 80 60 72 9
3 114 79 72 2
4 114 79 85 3
5 120 80 31 5
6 168 114 111 4
7 168 114 76 2
8 120 80 39 1
9 114 79 114 3
10 120 80 74 4
11 120 100 105 5
12 120 100 108 2
13 80 60 53 3
14 114 79 91 1
15 114 98 74 1
16 120 111 115 1
17 114 79 53 2
18 80 60 33 1
97
587 233 220
20 50
1 80 60 72 6
2 120 80 74 2
3 80 60 33 2
4 114 79 72 3
5 114 79 85 2
6 120 100 105 4
7 120 100 108 4
8 126 108 64 1
9 114 79 91 1
10 120 80 31 2
11 168 114 111 3
12 114 98 74 3
13 114 79 53 4
14 80 60 65 3
15 120 80 39 4
16 114 79 114 5
17 120 111 115 1
98
587 233 220
20 50
1 120 80 94 2
2 80 60 72 5
3 168 114 111 2
4 120 80 39 3
5 114 79 91 1
6 114 79 114 5
7 120 111 115 4
8 80 60 33 1
9 114 98 74 6
10 80 60 53 1
11 120 100 108 7
12 114 79 53 1
13 114 79 85 2
14 120 80 31 4
15 80 60 65 1
16 168 114 76 2
17 126 108 64 1
18 120 80 74 1
19 120 100 105 1
99
587 233 220
20 50
1 114 79 114 11
2 120 80 39 3
3 120 100 108 5
4 114 79 85 2
5 114 79 53 2
6 114 79 72 4
7 120 80 74 1
8 168 114 111 4
9 120 80 94 4
10 120 100 105 1
11 168 114 76 1
12 120 111 115 2
13 80 60 65 3
14 114 98 74 1
15 126 108 64 1
16 80 60 72 4
17 120 80 31 1
100
587 233 220
20 50
1 120 100 108 6
2 120 80 39 5
3 114 98 74 2
4 80 60 33 2
5 120 80 94 4
6 126 108 64 3
7 120 111 115 1
8 80 60 65 1
9 168 114 76 2
10 114 79 114 7
11 120 100 105 1
12 114 79 85 2
13 120 80 31 3
14 120 80 74 2
15 114 79 53 4
16 168 114 111 2
17 80 60 72 3