100
1
587 233 220
20 100
1 114 79 114 11
2 114 98 74 9
3 80 60 33 1
4 120 111 115 5
5 120 80 74 9
6 120 80 31 9
7 114 79 53 3
8 120 80 94 6
9 126 108 64 3
10 168 114 111 6
11 114 79 72 2
12 80 60 65 4
13 114 79 85 2
14 120 80 39 3
15 120 100 105 9
16 114 79 91 2
17 80 60 72 6
18 120 100 108 4
19 80 60 53 3
20 168 114 76 3
2
587 233 220
20 100
1 120 80 94 9
2 114 79 72 3
3 120 100 108 8
4 114 79 114 7
5 120 100 105 15
6 120 80 31 4
7 120 80 74 3
8 114 98 74 3
9 168 114 111 7
10 120 80 39 3
11 80 60 65 4
12 80 60 72 8
13 168 114 76 4
14 120 111 115 5
15 126 108 64 2
16 114 79 53 5
17 80 60 53 4
18 114 79 85 4
19 114 79 91 2
3
587 233 220
20 100
1 168 114 111 6
2 120 80 94 7
3 80 60 72 8
4 114 79 114 10
5 120 100 105 7
6 120 100 108 5
7 80 60 53 5
8 114 79 85 5
9 114 79 91 4
10 80 60 65 4
11 168 114 76 4
12 114 79 53 7
13 120 111 115 3
14 120 80 31 3
15 114 79 72 3
16 126 108 64 2
17 120 80 39 7
18 120 80 74 5
19 114 98 74 4
20 80 60 33 1
4
587 233 220
20 100
1 120 111 115 8
2 114 79 91 4
3 120 100 108 11
4 120 80 31 7
5 120 100 105 9
6 120 80 74 5
7 80 60 72 7
8 114 79 114 13
9 168 114 76 4
10 80 60 53 2
11 80 60 33 4
12 168 114 111 2
13 120 80 94 7
14 114 79 72 5
15 126 108 64 2
16 114 79 85 3
17 120 80 39 5
18 114 79 53 1
19 114 98 74 1
5
587 233 220
20 100
1 80 60 53 3
2 120 100 105 9
3 80 60 65 1
4 120 100 108 8
5 120 80 39 4
6 120 80 31 4
7 168 114 111 4
8 114 79 91 3
9 120 80 74 7
10 80 60 33 7
11 80 60 72 10
12 120 80 94 5
13 114 79 114 11
14 114 98 74 6
15 114 79 85 5
16 114 79 53 2
17 120 111 115 4
18 114 79 72 2
19 126 108 64 3
20 168 114 76 2
6
587 233 220
20 100
1 120 100 105 11
2 114 79 114 14
3 114 79 53 4
4 120 111 115 5
5 80 60 53 6
6 120 80 31 5
7 114 79 85 6
8 120 80 94 8
9 114 79 91 4
10 168 114 111 1
11 168 114 76 4
12 114 79 72 3
13 80 60 65 6
14 80 60 72 4
15 120 100 108 10
16 120 80 74 2
17 114 98 74 4
18 126 108 64 1
19 80 60 33 2
7
587 233 220
20 100
1 80 60 72 11
2 114 79 114 14
3 168 114 76 2
4 80 60 33 7
5 120 100 105 8
6 120 100 108 5
7 114 79 53 7
8 80 60 53 1
9 120 80 39 7
10 114 79 72 4
11 80 60 65 6
12 114 98 74 7
13 168 114 111 3
14 120 80 74 5
15 114 79 85 6
16 120 111 115 4
17 120 80 31 1
18 120 80 94 1
19 126 108 64 1
8
587 233 220
20 100
1 120 100 105 4
2 114 79 85 8
3 120 111 115 7
4 80 60 72 8
5 114 98 74 7
6 120 100 108 8
7 120 80 74 4
8 114 79 114 11
9 80 60 33 4
10 114 79 53 6
11 120 80 31 7
12 120 80 39 4
13 168 114 111 6
14 114 79 91 3
15 126 108 64 1
16 114 79 72 1
17 120 80 94 3
18 168 114 76 4
19 80 60 65 3
20 80 60 53 1
9
587 233 220
20 100
1 120 100 108 10
2 114 79 72 5
3 168 114 76 5
4 114 79 91 3
5 114 79 114 16
6 120 80 31 9
7 120 100 105 8
8 120 80 94 4
9 114 98 74 5
10 80 60 72 12
11 114 79 85 5
12 80 60 65 1
13 120 80 39 6
14 80 60 33 3
15 120 111 115 2
16 168 114 111 1
17 114 79 53 1
18 80 60 53 2
19 120 80 74 1
20 126 108 64 1
10
587 233 220
20 100
1 120 100 105 7
2 168 114 76 7
3 80 60 72 6
4 120 111 115 10
5 120 80 94 6
6 80 60 65 8
7 114 79 53 3
8 114 79 114 8
9 114 79 85 5
10 120 100 108 6
11 120 80 74 5
12 114 98 74 8
13 80 60 53 4
14 114 79 91 2
15 120 80 31 4
16 126 108 64 2
17 114 79 72 5
18 168 114 111 2
19 80 60 33 2
11
587 233 220
20 100
1 114 98 74 6
2 120 80 31 11
3 80 60 33 3
4 114 79 114 7
5 168 114 76 3
6 80 60 65 4
7 120 80 94 5
8 120 80 39 5
9 114 79 53 3
10 168 114 111 2
11 80 60 72 7
12 120 111 115 2
13 120 100 108 7
14 120 80 74 7
15 80 60 53 7
16 126 108 64 3
17 114 79 72 3
18 114 79 85 4
19 114 79 91 4
20 120 100 105 7
12
587 233 220
20 100
1 114 79 114 16
2 120 100 108 6
3 120 100 105 8
4 114 79 72 3
5 114 79 91 4
6 120 80 31 8
7 80 60 53 2
8 120 80 39 4
9 114 98 74 6
10 120 80 94 2
11 114 79 85 7
12 80 60 33 5
13 120 80 74 2
14 168 114 111 4
15 168 114 76 6
16 80 60 72 5
17 126 108 64 5
18 114 79 53 3
19 120 111 115 3
20 80 60 65 1
13
587 233 220
20 100
1 114 79 114 14
2 80 60 72 5
3 168 114 76 4
4 114 79 91 4
5 114 79 85 5
6 120 100 108 8
7 114 79 53 3
8 126 108 64 4
9 120 100 105 7
10 114 79 72 3
11 120 80 94 6
12 168 114 111 6
13 120 80 31 9
14 120 80 74 6
15 120 111 115 3
16 80 60 53 2
17 114 98 74 4
18 80 60 33 4
19 80 60 65 3
14
587 233 220
20 100
1 120 111 115 6
2 114 79 114 13
3 120 80 39 5
4 80 60 72 12
5 126 108 64 2
6 120 100 105 8
7 114 79 53 4
8 120 80 74 9
9 120 80 31 7
10 120 100 108 5
11 114 79 72 4
12 114 79 85 9
13 80 60 53 1
14 168 114 76 2
15 168 114 111 2
16 120 80 94 4
17 80 60 65 3
18 80 60 33 1
19 114 98 74 3
15
587 233 220
20 100
1 120 100 105 12
2 168 114 111 7
3 168 114 76 4
4 114 79 114 14
5 120 80 31 9
6 120 80 94 2
7 120 80 74 4
8 114 98 74 7
9 80 60 72 8
10 114 79 85 3
11 80 60 53 5
12 120 111 115 7
13 120 80 39 2
14 114 79 72 3
15 114 79 53 5
16 80 60 65 2
17 120 100 108 3
18 114 79 91 1
19 80 60 33 2
16
587 233 220
20 100
1 114 79 114 16
2 80 60 65 2
3 114 79 53 5
4 168 114 111 6
5 120 80 94 2
6 80 60 53 3
7 120 100 105 8
8 120 100 108 7
9 120 80 31 5
10 80 60 72 10
11 114 79 85 7
12 114 79 72 2
13 120 80 74 3
14 120 111 115 4
15 120 80 39 4
16 126 108 64 2
17 168 114 76 7
18 114 79 91 2
19 114 98 74 3
20 80 60 33 2
17
587 233 220
20 100
1 126 108 64 4
2 80 60 72 7
3 114 79 85 5
4 120 80 39 8
5 80 60 53 4
6 114 79 53 3
7 114 79 114 10
8 120 80 94 4
9 120 80 74 6
10 168 114 76 2
11 120 111 115 5
12 168 114 111 5
13 114 98 74 7
14 120 100 105 9
15 120 80 31 8
16 120 100 108 5
17 80 60 33 2
18 114 79 72 3
19 80 60 65 2
20 114 79 91 1
18
587 233 220
20 100
1 80 60 33 6
2 80 60 53 1
3 120 100 105 14
4 120 100 108 5
5 114 79 72 4
6 114 79 85 7
7 120 80 74 4
8 80 60 72 4
9 114 79 114 15
10 120 80 94 3
11 168 114 76 4
12 168 114 111 2
13 114 98 74 3
14 114 79 91 4
15 126 108 64 3
16 114 79 53 4
17 80 60 65 5
18 120 111 115 2
19 120 80 39 6
20 120 80 31 4
19
587 233 220
20 100
1 80 60 72 8
2 114 79 114 15
3 120 100 108 10
4 114 98 74 7
5 80 60 53 3
6 120 80 39 3
7 120 100 105 8
8 120 80 31 4
9 126 108 64 5
10 120 80 94 6
11 168 114 76 1
12 168 114 111 3
13 120 111 115 9
14 114 79 85 4
15 114 79 91 2
16 120 80 74 3
17 80 60 33 5
18 114 79 72 1
19 114 79 53 3
20
587 233 220
20 100
1 80 60 33 5
2 120 80 74 6
3 80 60 53 5
4 120 80 94 6
5 168 114 76 6
6 114 79 72 4
7 114 98 74 6
8 80 60 72 13
9 168 114 111 6
10 120 100 108 5
11 114 79 53 6
12 114 79 114 7
13 120 80 31 6
14 126 108 64 2
15 120 100 105 4
16 80 60 65 1
17 114 79 91 2
18 120 111 115 4
19 114 79 85 5
20 120 80 39 1
21
587 233 220
20 100
1 126 108 64 5
2 120 100 108 8
3 120 100 105 11
4 120 80 39 4
5 80 60 65 4
6 120 80 31 8
7 114 79 85 5
8 114 98 74 6
9 168 114 76 2
10 114 79 72 4
11 120 111 115 5
12 120 80 94 2
13 80 60 72 8
14 80 60 33 2
15 120 80 74 5
16 114 79 114 11
17 80 60 53 2
18 168 114 111 2
19 114 79 91 3
20 114 79 53 3
22
587 233 220
20 100
1 120 80 31 11
2 114 79 114 6
3 120 111 115 6
4 80 60 53 4
5 114 79 85 5
6 120 80 74 3
7 114 79 72 5
8 168 114 76 7
9 120 80 39 5
10 114 98 74 6
11 80 60 65 3
12 120 100 105 6
13 120 100 108 8
14 120 80 94 5
15 168 114 111 6
16 80 60 72 3
17 114 79 91 2
18 114 79 53 4
19 80 60 33 5
23
587 233 220
20 100
1 114 79 91 2
2 120 80 39 8
3 126 108 64 6
4 120 100 105 10
5 114 79 114 7
6 120 111 115 6
7 114 79 53 3
8 114 79 72 2
9 168 114 76 3
10 120 100 108 7
11 168 114 111 4
12 80 60 53 7
13 114 79 85 4
14 114 98 74 5
15 80 60 72 5
16 120 80 31 7
17 120 80 94 4
18 80 60 33 1
19 120 80 74 5
20 80 60 65 4
24
587 233 220
20 100
1 120 100 105 12
2 114 79 114 10
3 80 60 53 3
4 80 60 65 2
5 114 98 74 4
6 114 79 91 4
7 120 80 74 7
8 168 114 111 3
9 120 111 115 5
10 120 80 94 6
11 120 80 31 6
12 114 79 53 5
13 126 108 64 5
14 120 80 39 3
15 80 60 72 6
16 114 79 85 7
17 114 79 72 2
18 80 60 33 4
19 168 114 76 2
20 120 100 108 4
25
587 233 220
20 100
1 120 100 108 7
2 120 100 105 14
3 114 79 72 2
4 80 60 53 2
5 120 80 94 9
6 80 60 33 2
7 114 79 114 11
8 80 60 72 11
9 114 79 53 5
10 168 114 76 2
11 120 80 31 8
12 120 80 74 4
13 120 111 115 6
14 114 79 91 3
15 114 79 85 5
16 80 60 65 3
17 120 80 39 2
18 126 108 64 2
19 114 98 74 2
26
587 233 220
20 100
1 120 100 105 17
2 114 79 114 7
3 120 100 108 6
4 120 80 39 5
5 80 60 65 2
6 80 60 72 5
7 168 114 111 7
8 168 114 76 6
9 120 80 94 5
10 114 79 72 5
11 114 79 53 4
12 114 79 85 5
13 80 60 33 3
14 120 111 115 4
15 126 108 64 1
16 120 80 31 6
17 114 98 74 5
18 80 60 53 2
19 120 80 74 4
20 114 79 91 1
27
587 233 220
20 100
1 80 60 72 12
2 80 60 33 5
3 120 80 39 6
4 120 100 108 5
5 114 98 74 5
6 114 79 85 5
7 80 60 65 3
8 114 79 53 4
9 126 108 64 3
10 120 111 115 7
11 120 100 105 13
12 120 80 74 4
13 114 79 114 7
14 120 80 31 8
15 80 60 53 4
16 168 114 76 2
17 120 80 94 2
18 114 79 72 3
19 114 79 91 2
28
587 233 220
20 100
1 114 79 114 19
2 120 100 105 11
3 120 80 94 3
4 120 80 74 7
5 120 100 108 9
6 126 108 64 3
7 114 79 53 6
8 80 60 65 1
9 168 114 111 2
10 114 79 85 4
11 80 60 53 4
12 114 79 72 3
13 120 111 115 4
14 114 79 91 7
15 80 60 72 5
16 168 114 76 4
17 114 98 74 4
18 120 80 39 1
19 120 80 31 2
20 80 60 33 1
29
587 233 220
20 100
1 80 60 72 10
2 120 100 105 10
3 114 79 53 7
4 120 80 74 7
5 120 100 108 10
6 120 80 31 5
7 120 80 39 3
8 114 79 114 12
9 80 60 33 3
10 120 111 115 2
11 114 79 91 6
12 120 80 94 6
13 114 98 74 6
14 168 114 111 3
15 114 79 72 2
16 80 60 53 2
17 114 79 85 3
18 168 114 76 2
19 80 60 65 1
30
587 233 220
20 100
1 120 111 115 3
2 120 100 105 12
3 168 114 76 2
4 120 80 94 2
5 114 79 85 9
6 80 60 33 7
7 80 60 53 5
8 114 79 114 11
9 120 80 74 7
10 114 79 91 2
11 114 79 72 2
12 126 108 64 1
13 80 60 65 2
14 114 98 74 7
15 168 114 111 6
16 120 100 108 8
17 80 60 72 3
18 120 80 31 5
19 114 79 53 4
20 120 80 39 2
31
587 233 220
20 100
1 80 60 72 8
2 120 80 31 6
3 120 100 105 12
4 120 80 94 11
5 114 98 74 8
6 168 114 76 3
7 80 60 53 4
8 80 60 65 2
9 114 79 72 3
10 114 79 114 7
11 114 79 85 6
12 120 80 39 4
13 126 108 64 1
14 168 114 111 5
15 114 79 53 2
16 80 60 33 4
17 120 80 74 4
18 120 100 108 4
19 120 111 115 2
20 114 79 91 4
32
587 233 220
20 100
1 114 98 74 4
2 114 79 53 6
3 126 108 64 4
4 114 79 114 12
5 80 60 72 7
6 120 80 31 8
7 120 80 74 7
8 80 60 33 4
9 114 79 72 3
10 120 100 105 8
11 120 100 108 7
12 80 60 65 3
13 80 60 53 5
14 114 79 85 2
15 120 111 115 4
16 120 80 39 7
17 114 79 91 2
18 120 80 94 3
19 168 114 76 1
20 168 114 111 3
33
587 233 220
20 100
1 114 79 91 2
2 80 60 33 1
3 120 111 115 8
4 80 60 53 5
5 114 79 85 6
6 120 100 105 5
7 114 79 114 9
8 114 98 74 7
9 80 60 72 8
10 114 79 72 2
11 120 80 94 4
12 168 114 111 4
13 120 80 31 11
14 120 80 74 7
15 120 80 39 6
16 120 100 108 5
17 126 108 64 5
18 168 114 76 4
19 80 60 65 1
34
587 233 220
20 100
1 80 60 72 3
2 114 79 114 11
3 120 100 105 8
4 120 100 108 5
5 114 98 74 6
6 114 79 53 8
7 114 79 72 4
8 120 80 39 2
9 114 79 85 6
10 126 108 64 3
11 114 79 91 2
12 168 114 111 5
13 120 80 94 6
14 120 80 74 6
15 80 60 33 6
16 168 114 76 3
17 120 80 31 7
18 80 60 53 5
19 120 111 115 3
20 80 60 65 1
35
587 233 220
20 100
1 120 80 94 4
2 80 60 33 3
3 168 114 111 7
4 114 79 53 4
5 120 80 74 5
6 114 79 85 8
7 120 100 105 8
8 80 60 53 2
9 120 80 31 8
10 114 79 114 8
11 80 60 65 2
12 120 80 39 6
13 120 100 108 6
14 114 79 72 2
15 114 98 74 9
16 126 108 64 2
17 120 111 115 5
18 80 60 72 5
19 114 79 91 4
20 168 114 76 2
36
587 233 220
20 100
1 80 60 33 4
2 114 98 74 3
3 114 79 91 3
4 120 100 105 8
5 114 79 85 6
6 168 114 76 4
7 120 80 31 6
8 126 108 64 2
9 114 79 53 5
10 80 60 65 9
11 80 60 72 9
12 120 111 115 5
13 120 100 108 9
14 120 80 74 11
15 120 80 94 5
16 120 80 39 2
17 114 79 114 3
18 80 60 53 4
19 114 79 72 2
37
587 233 220
20 100
1 120 111 115 4
2 120 80 31 2
3 120 100 108 12
4 126 108 64 5
5 120 100 105 5
6 80 60 65 2
7 114 79 72 5
8 80 60 33 4
9 120 80 39 6
10 80 60 72 13
11 114 79 53 4
12 80 60 53 2
13 114 79 114 9
14 114 79 85 6
15 168 114 111 5
16 120 80 94 4
17 114 79 91 2
18 168 114 76 1
19 120 80 74 5
20 114 98 74 4
38
587 233 220
20 100
1 120 80 39 4
2 80 60 72 8
3 80 60 65 6
4 120 80 74 3
5 120 100 105 11
6 114 79 53 4
7 120 80 94 4
8 120 80 31 10
9 168 114 111 8
10 114 98 74 6
11 120 100 108 5
12 120 111 115 6
13 114 79 72 1
14 114 79 114 7
15 168 114 76 4
16 114 79 91 4
17 80 60 33 1
18 114 79 85 4
19 126 108 64 1
20 80 60 53 3
39
587 233 220
20 100
1 120 80 39 8
2 80 60 53 3
3 120 80 74 5
4 120 100 105 9
5 126 108 64 6
6 114 79 72 2
7 120 80 31 9
8 120 100 108 10
9 114 79 85 6
10 120 80 94 6
11 80 60 72 8
12 114 79 114 6
13 168 114 76 3
14 114 98 74 6
15 120 111 115 1
16 80 60 33 4
17 114 79 53 3
18 80 60 65 3
19 168 114 111 1
20 114 79 91 1
40
587 233 220
20 100
1 80 60 72 11
2 120 80 74 6
3 80 60 33 6
4 114 79 114 13
5 168 114 76 4
6 114 79 85 2
7 120 100 105 10
8 80 60 53 6
9 168 114 111 7
10 120 111 115 2
11 114 79 53 3
12 120 80 39 3
13 114 98 74 5
14 114 79 91 5
15 120 80 31 5
16 126 108 64 5
17 120 80 94 3
18 120 100 108 3
19 80 60 65 1
41
587 233 220
20 100
1 120 80 31 7
2 114 79 91 4
3 120 100 105 8
4 114 79 114 9
5 80 60 65 5
6 114 98 74 6
7 120 100 108 6
8 120 80 74 6
9 114 79 72 1
10 120 80 94 5
11 114 79 85 7
12 114 79 53 5
13 126 108 64 3
14 168 114 76 2
15 80 60 72 6
16 80 60 33 3
17 120 111 115 5
18 168 114 111 5
19 80 60 53 3
20 120 80 39 4
42
587 233 220
20 100
1 120 80 31 12
2 120 80 74 7
3 114 79 53 5
4 168 114 111 4
5 80 60 65 1
6 120 80 39 7
7 80 60 72 5
8 120 100 108 6
9 114 79 91 1
10 120 80 94 5
11 114 79 114 11
12 120 100 105 13
13 114 79 72 4
14 120 111 115 3
15 168 114 76 7
16 114 79 85 4
17 80 60 53 4
18 114 98 74 1
43
587 233 220
20 100
1 120 80 74 6
2 114 98 74 2
3 114 79 114 13
4 120 100 105 9
5 114 79 72 3
6 168 114 111 5
7 168 114 76 3
8 120 111 115 3
9 114 79 85 12
10 114 79 91 2
11 114 79 53 4
12 120 80 31 5
13 120 80 39 5
14 120 100 108 6
15 120 80 94 6
16 80 60 72 8
17 80 60 65 4
18 80 60 33 2
19 126 108 64 2
44
587 233 220
20 100
1 120 111 115 6
2 80 60 72 8
3 120 80 39 7
4 120 80 31 7
5 120 80 94 3
6 114 79 85 8
7 114 79 72 4
8 114 98 74 4
9 120 100 105 5
10 114 79 53 6
11 120 80 74 8
12 114 79 91 7
13 114 79 114 10
14 168 114 76 1
15 80 60 33 4
16 120 100 108 6
17 80 60 65 1
18 126 108 64 2
19 168 114 111 3
45
587 233 220
20 100
1 114 79 91 6
2 120 100 105 14
3 80 60 72 5
4 120 80 74 3
5 114 79 114 12
6 114 79 53 5
7 114 79 85 10
8 114 98 74 3
9 80 60 53 3
10 168 114 111 3
11 120 80 31 3
12 80 60 33 2
13 120 100 108 10
14 80 60 65 3
15 120 80 94 5
16 120 111 115 7
17 168 114 76 2
18 120 80 39 3
19 126 108 64 1
46
587 233 220
20 100
1 114 79 85 6
2 120 111 115 4
3 120 80 31 6
4 114 98 74 6
5 120 80 39 10
6 168 114 76 2
7 120 100 108 9
8 114 79 114 8
9 80 60 72 5
10 120 100 105 6
11 168 114 111 5
12 80 60 53 4
13 80 60 33 5
14 120 80 74 6
15 120 80 94 6
16 114 79 72 2
17 80 60 65 1
18 126 108 64 3
19 114 79 53 3
20 114 79 91 3
47
587 233 220
20 100
1 114 79 114 12
2 120 100 105 10
3 114 79 53 4
4 120 80 31 7
5 120 111 115 4
6 114 98 74 6
7 120 80 94 7
8 80 60 53 3
9 120 100 108 5
10 114 79 91 3
11 120 80 74 5
12 80 60 72 9
13 168 114 76 4
14 168 114 111 6
15 80 60 65 3
16 114 79 72 3
17 120 80 39 3
18 80 60 33 3
19 126 108 64 2
20 114 79 85 1
48
587 233 220
20 100
1 120 100 105 7
2 114 79 114 11
3 114 98 74 10
4 120 111 115 9
5 80 60 53 4
6 120 100 108 8
7 168 114 111 4
8 114 79 91 3
9 114 79 53 3
10 120 80 74 7
11 80 60 65 4
12 120 80 31 8
13 80 60 72 2
14 126 108 64 2
15 114 79 85 3
16 80 60 33 1
17 114 79 72 4
18 168 114 76 4
19 120 80 94 3
20 120 80 39 3
49
587 233 220
20 100
1 114 79 91 6
2 168 114 111 2
3 120 80 94 5
4 126 108 64 5
5 114 79 114 9
6 114 98 74 7
7 80 60 72 7
8 114 79 53 7
9 120 100 105 8
10 120 100 108 5
11 114 79 85 6
12 114 79 72 3
13 120 80 74 4
14 120 80 39 7
15 80 60 33 4
16 120 80 31 8
17 120 111 115 3
18 80 60 65 2
19 80 60 53 1
20 168 114 76 1
50
587 233 220
20 100
1 120 80 31 5
2 120 100 105 11
3 80 60 53 7
4 120 80 74 6
5 120 100 108 7
6 114 79 114 12
7 126 108 64 4
8 80 60 72 7
9 114 79 53 6
10 114 79 85 3
11 168 114 76 2
12 168 114 111 7
13 80 60 65 2
14 114 79 72 4
15 114 98 74 4
16 120 111 115 6
17 120 80 94 3
18 80 60 33 3
19 120 80 39 1
51
587 233 220
20 100
1 80 60 72 7
2 120 80 74 9
3 120 100 108 7
4 114 79 53 6
5 120 80 94 4
6 120 80 31 6
7 114 79 85 3
8 114 79 114 15
9 114 98 74 7
10 80 60 33 5
11 120 111 115 3
12 120 100 105 5
13 120 80 39 5
14 114 79 91 1
15 168 114 76 2
16 114 79 72 5
17 126 108 64 2
18 168 114 111 4
19 80 60 65 4
52
587 233 220
20 100
1 120 100 105 12
2 114 79 85 7
3 120 80 31 3
4 80 60 53 2
5 120 80 74 5
6 120 80 39 6
7 168 114 76 6
8 120 100 108 7
9 120 80 94 7
10 80 60 72 7
11 120 111 115 7
12 114 79 91 2
13 114 79 114 10
14 126 108 64 1
15 114 79 53 6
16 114 98 74 4
17 168 114 111 4
18 80 60 65 2
19 114 79 72 1
20 80 60 33 1
53
587 233 220
20 100
1 114 79 114 11
2 120 80 94 7
3 120 80 31 7
4 114 79 53 5
5 80 60 33 5
6 80 60 72 7
7 120 100 105 8
8 120 100 108 5
9 168 114 76 6
10 120 80 74 6
11 114 79 72 4
12 80 60 65 4
13 120 111 115 2
14 168 114 111 2
15 114 79 85 6
16 114 98 74 1
17 126 108 64 3
18 80 60 53 1
19 114 79 91 7
20 120 80 39 3
54
587 233 220
20 100
1 120 80 31 10
2 168 114 111 4
3 114 79 114 13
4 120 100 105 6
5 114 98 74 5
6 120 100 108 9
7 126 108 64 1
8 120 80 39 3
9 114 79 91 3
10 114 79 53 2
11 120 80 94 4
12 80 60 72 7
13 120 111 115 5
14 114 79 85 7
15 114 79 72 3
16 80 60 33 3
17 120 80 74 4
18 168 114 76 4
19 80 60 65 3
20 80 60 53 4
55
587 233 220
20 100
1 80 60 33 4
2 114 79 114 9
3 114 79 91 2
4 168 114 76 4
5 80 60 72 10
6 114 79 72 4
7 120 80 31 10
8 120 80 39 6
9 120 80 94 3
10 114 98 74 3
11 114 79 53 4
12 120 100 105 10
13 114 79 85 6
14 120 80 74 5
15 120 111 115 4
16 168 114 111 5
17 120 100 108 5
18 80 60 53 3
19 126 108 64 3
56
587 233 220
20 100
1 120 80 31 8
2 120 100 108 9
3 120 100 105 11
4 80 60 53 3
5 80 60 72 5
6 120 80 74 11
7 114 79 53 3
8 120 80 39 3
9 114 79 72 5
10 114 79 114 10
11 120 80 94 2
12 120 111 115 1
13 114 79 85 6
14 114 98 74 10
15 80 60 33 2
16 168 114 76 4
17 168 114 111 3
18 80 60 65 2
19 126 108 64 1
20 114 79 91 1
57
587 233 220
20 100
1 120 100 105 5
2 120 80 31 8
3 114 79 85 9
4 114 79 114 11
5 80 60 53 2
6 114 79 53 8
7 120 111 115 6
8 80 60 33 3
9 120 80 39 2
10 120 80 94 9
11 120 80 74 3
12 80 60 65 4
13 114 79 91 4
14 168 114 111 6
15 120 100 108 7
16 80 60 72 2
17 114 79 72 2
18 114 98 74 7
19 168 114 76 2
58
587 233 220
20 100
1 120 80 74 5
2 120 100 108 6
3 114 98 74 8
4 80 60 33 6
5 80 60 72 12
6 114 79 114 8
7 120 111 115 4
8 114 79 85 5
9 168 114 111 5
10 120 100 105 13
11 120 80 94 5
12 168 114 76 3
13 114 79 91 5
14 80 60 53 3
15 126 108 64 1
16 114 79 72 2
17 80 60 65 2
18 114 79 53 3
19 120 80 31 2
20 120 80 39 2
59
587 233 220
20 100
1 114 79 85 7
2 120 100 105 8
3 120 80 94 8
4 80 60 53 3
5 120 100 108 6
6 168 114 111 8
7 120 80 74 3
8 114 79 114 14
9 114 98 74 8
10 120 80 39 8
11 80 60 33 3
12 120 80 31 4
13 114 79 91 4
14 120 111 115 3
15 114 79 53 2
16 114 79 72 2
17 80 60 72 6
18 80 60 65 2
19 126 108 64 1
60
587 233 220
20 100
1 114 79 114 12
2 120 100 108 10
3 120 80 39 5
4 120 100 105 11
5 120 80 31 9
6 168 114 76 3
7 80 60 65 2
8 80 60 53 3
9 80 60 72 7
10 120 80 94 4
11 114 98 74 6
12 168 114 111 6
13 114 79 72 4
14 120 80 74 5
15 114 79 53 4
16 114 79 91 3
17 126 108 64 2
18 120 111 115 2
19 80 60 33 1
20 114 79 85 1
61
587 233 220
20 100
1 114 79 114 13
2 120 80 31 9
3 168 114 111 3
4 120 111 115 6
5 114 79 85 6
6 80 60 53 2
7 114 98 74 3
8 120 100 105 5
9 80 60 72 7
10 80 60 33 4
11 80 60 65 6
12 114 79 72 4
13 120 80 94 4
14 120 100 108 8
15 114 79 91 5
16 120 80 39 3
17 120 80 74 5
18 114 79 53 2
19 168 114 76 4
20 126 108 64 1
62
587 233 220
20 100
1 114 79 72 3
2 80 60 72 6
3 120 100 105 12
4 80 60 65 3
5 126 108 64 6
6 114 98 74 2
7 120 80 94 2
8 168 114 76 6
9 120 80 74 2
10 114 79 91 1
11 120 80 31 7
12 114 79 114 13
13 114 79 53 5
14 120 111 115 3
15 168 114 111 5
16 80 60 33 4
17 120 100 108 4
18 114 79 85 5
19 80 60 53 5
20 120 80 39 6
63
587 233 220
20 100
1 120 80 31 11
2 114 79 114 13
3 80 60 65 6
4 120 80 74 9
5 120 111 115 4
6 114 98 74 3
7 80 60 33 5
8 80 60 72 8
9 120 80 94 4
10 114 79 91 1
11 120 100 105 8
12 168 114 111 1
13 168 114 76 5
14 114 79 85 5
15 80 60 53 2
16 120 100 108 6
17 120 80 39 4
18 114 79 72 4
19 126 108 64 1
64
587 233 220
20 100
1 120 100 105 18
2 120 80 39 7
3 114 79 72 4
4 114 79 53 1
5 80 60 53 3
6 120 80 74 5
7 114 98 74 4
8 80 60 33 5
9 120 80 31 6
10 120 111 115 4
11 80 60 72 10
12 114 79 114 7
13 120 100 108 5
14 114 79 85 6
15 168 114 111 5
16 168 114 76 2
17 114 79 91 2
18 120 80 94 4
19 126 108 64 1
20 80 60 65 1
65
587 233 220
20 100
1 120 111 115 12
2 120 80 74 5
3 120 100 108 6
4 120 100 105 10
5 114 79 114 14
6 114 98 74 6
7 120 80 94 3
8 168 114 76 5
9 120 80 31 2
10 80 60 33 1
11 114 79 53 6
12 114 79 85 4
13 114 79 72 4
14 120 80 39 3
15 80 60 53 2
16 126 108 64 3
17 80 60 72 7
18 168 114 111 3
19 114 79 91 3
20 80 60 65 1
66
587 233 220
20 100
1 120 80 31 8
2 114 79 114 10
3 114 79 53 5
4 80 60 65 5
5 80 60 72 9
6 80 60 53 3
7 168 114 76 5
8 120 100 105 8
9 114 79 85 4
10 126 108 64 2
11 80 60 33 3
12 168 114 111 4
13 120 80 94 8
14 120 80 39 2
15 120 111 115 7
16 120 100 108 8
17 114 98 74 2
18 114 79 91 2
19 120 80 74 2
20 114 79 72 3
67
587 233 220
20 100
1 120 100 108 11
2 120 100 105 14
3 120 80 39 3
4 114 79 114 8
5 168 114 111 6
6 80 60 65 3
7 120 80 74 7
8 120 80 94 8
9 126 108 64 2
10 114 98 74 3
11 168 114 76 2
12 80 60 53 4
13 120 111 115 3
14 114 79 53 1
15 80 60 72 7
16 120 80 31 6
17 114 79 72 1
18 114 79 91 4
19 114 79 85 4
20 80 60 33 3
68
587 233 220
20 100
1 80 60 65 2
2 114 79 114 11
3 114 79 53 6
4 120 111 115 7
5 120 100 105 9
6 114 98 74 4
7 80 60 53 2
8 114 79 72 3
9 120 100 108 7
10 114 79 85 6
11 80 60 33 3
12 120 80 94 3
13 80 60 72 10
14 120 80 31 7
15 120 80 74 7
16 126 108 64 3
17 114 79 91 2
18 120 80 39 6
19 168 114 76 2
69
587 233 220
20 100
1 120 80 39 7
2 80 60 33 2
3 114 79 72 1
4 114 79 114 13
5 120 100 105 9
6 120 100 108 11
7 168 114 76 5
8 80 60 72 10
9 114 79 53 2
10 120 80 74 4
11 114 79 85 6
12 120 111 115 3
13 168 114 111 3
14 120 80 31 7
15 80 60 65 2
16 80 60 53 3
17 114 79 91 3
18 120 80 94 4
19 114 98 74 4
20 126 108 64 1
70
587 233 220
20 100
1 120 80 74 4
2 120 100 105 12
3 80 60 72 11
4 114 79 114 13
5 80 60 33 2
6 120 80 94 3
7 80 60 53 4
8 168 114 76 6
9 120 111 115 5
10 114 79 72 3
11 168 114 111 3
12 120 80 31 3
13 114 79 53 7
14 126 108 64 4
15 80 60 65 1
16 114 79 91 4
17 120 100 108 7
18 114 79 85 3
19 114 98 74 2
20 120 80 39 3
71
587 233 220
20 100
1 114 79 85 8
2 168 114 76 6
3 120 80 74 10
4 80 60 65 4
5 120 100 105 5
6 120 80 31 6
7 114 98 74 6
8 114 79 91 3
9 114 79 114 12
10 80 60 72 6
11 114 79 53 5
12 120 111 115 3
13 120 100 108 5
14 80 60 53 5
15 120 80 39 8
16 114 79 72 2
17 120 80 94 1
18 80 60 33 2
19 168 114 111 2
20 126 108 64 1
72
587 233 220
20 100
1 168 114 111 9
2 120 100 105 8
3 114 98 74 6
4 120 100 108 9
5 114 79 85 7
6 80 60 65 3
7 120 80 74 3
8 168 114 76 5
9 114 79 114 9
10 120 80 39 1
11 120 80 31 6
12 114 79 53 7
13 114 79 72 5
14 80 60 53 5
15 80 60 72 4
16 126 108 64 2
17 120 80 94 5
18 114 79 91 3
19 80 60 33 1
20 120 111 115 2
73
587 233 220
20 100
1 80 60 72 7
2 120 111 115 4
3 80 60 33 5
4 168 114 111 7
5 120 80 94 4
6 114 79 53 7
7 114 79 114 11
8 114 79 85 6
9 114 79 72 3
10 120 100 105 9
11 80 60 65 5
12 114 98 74 4
13 120 80 31 6
14 120 100 108 5
15 168 114 76 4
16 120 80 74 5
17 120 80 39 6
18 126 108 64 2
74
587 233 220
20 100
1 126 108 64 2
2 120 80 39 6
3 80 60 33 1
4 120 111 115 7
5 120 80 74 6
6 168 114 111 6
7 120 100 108 8
8 120 100 105 7
9 80 60 72 4
10 114 79 53 4
11 120 80 31 6
12 114 79 85 7
13 114 79 114 14
14 120 80 94 5
15 80 60 65 3
16 114 98 74 3
17 114 79 72 4
18 168 114 76 3
19 114 79 91 4
75
587 233 220
20 100
1 120 80 74 7
2 114 79 72 1
3 114 79 85 11
4 126 108 64 4
5 114 98 74 9
6 114 79 114 8
7 120 100 105 9
8 114 79 91 3
9 120 80 94 5
10 80 60 72 8
11 120 100 108 8
12 120 111 115 2
13 120 80 31 9
14 168 114 111 4
15 80 60 33 4
16 114 79 53 4
17 80 60 53 1
18 168 114 76 1
19 120 80 39 2
76
587 233 220
20 100
1 120 100 105 9
2 114 79 85 10
3 114 79 114 11
4 120 111 115 4
5 120 80 39 9
6 126 108 64 4
7 80 60 72 6
8 120 80 94 2
9 120 80 31 8
10 80 60 53 4
11 168 114 111 6
12 114 79 53 5
13 114 98 74 3
14 120 100 108 5
15 168 114 76 3
16 114 79 72 3
17 120 80 74 5
18 80 60 33 2
19 114 79 91 1
77
587 233 220
20 100
1 120 100 105 10
2 80 60 65 5
3 114 98 74 8
4 120 80 39 7
5 126 108 64 3
6 114 79 114 7
7 80 60 72 6
8 114 79 85 6
9 120 100 108 9
10 114 79 53 6
11 168 114 111 2
12 80 60 53 2
13 120 80 94 4
14 120 111 115 4
15 168 114 76 4
16 120 80 74 3
17 120 80 31 5
18 114 79 72 3
19 80 60 33 2
20 114 79 91 4
78
587 233 220
20 100
1 168 114 76 4
2 114 79 114 8
3 120 100 105 10
4 114 79 85 3
5 120 80 31 4
6 114 98 74 5
7 80 60 72 6
8 120 111 115 7
9 114 79 53 5
10 120 80 39 6
11 120 80 74 10
12 120 80 94 6
13 114 79 72 2
14 80 60 65 4
15 120 100 108 5
16 80 60 53 5
17 80 60 33 4
18 126 108 64 1
19 168 114 111 2
20 114 79 91 3
79
587 233 220
20 100
1 114 79 53 2
2 114 79 114 7
3 114 79 85 3
4 168 114 111 5
5 120 111 115 8
6 120 100 108 7
7 120 80 74 6
8 168 114 76 4
9 80 60 72 8
10 114 98 74 4
11 120 80 31 9
12 120 100 105 17
13 120 80 39 6
14 126 108 64 2
15 80 60 65 3
16 114 79 91 2
17 120 80 94 2
18 80 60 53 2
19 114 79 72 3
80
587 233 220
20 100
1 114 79 72 3
2 80 60 33 4
3 120 80 74 6
4 80 60 53 3
5 120 80 31 5
6 114 79 114 12
7 120 100 108 11
8 120 100 105 13
9 80 60 72 7
10 126 108 64 2
11 114 79 85 7
12 114 98 74 3
13 168 114 111 5
14 120 80 39 3
15 114 79 91 4
16 114 79 53 4
17 80 60 65 4
18 120 111 115 1
19 120 80 94 3
81
587 233 220
20 100
1 120 100 105 11
2 120 80 31 4
3 120 80 74 4
4 114 79 85 7
5 114 98 74 6
6 114 79 114 11
7 120 80 94 5
8 120 111 115 3
9 168 114 111 7
10 114 79 91 4
11 114 79 53 5
12 120 100 108 7
13 80 60 72 4
14 120 80 39 5
15 80 60 33 3
16 126 108 64 3
17 80 60 53 4
18 80 60 65 4
19 168 114 76 1
20 114 79 72 2
82
587 233 220
20 100
1 114 79 53 4
2 114 79 91 4
3 114 79 114 19
4 120 100 105 17
5 80 60 72 7
6 120 80 39 6
7 120 100 108 6
8 80 60 33 2
9 120 80 94 5
10 120 80 31 4
11 168 114 76 2
12 120 111 115 8
13 120 80 74 5
14 168 114 111 2
15 114 79 85 2
16 80 60 65 1
17 126 108 64 1
18 80 60 53 3
19 114 79 72 1
20 114 98 74 1
83
587 233 220
20 100
1 120 100 108 9
2 120 111 115 8
3 80 60 72 11
4 80 60 65 1
5 120 80 74 6
6 120 80 31 5
7 114 79 114 11
8 114 79 85 5
9 168 114 76 3
10 126 108 64 4
11 120 80 39 4
12 114 98 74 6
13 80 60 33 4
14 114 79 91 3
15 120 100 105 6
16 114 79 53 3
17 114 79 72 4
18 168 114 111 4
19 120 80 94 1
20 80 60 53 2
84
587 233 220
20 100
1 120 80 31 8
2 120 80 74 4
3 120 80 94 8
4 114 79 91 3
5 120 100 105 7
6 120 100 108 8
7 114 79 72 3
8 80 60 33 5
9 114 79 85 10
10 114 79 114 11
11 80 60 65 4
12 80 60 72 7
13 120 80 39 4
14 120 111 115 5
15 114 98 74 4
16 168 114 76 3
17 168 114 111 3
18 126 108 64 1
19 114 79 53 1
20 80 60 53 1
85
587 233 220
20 100
1 120 80 74 3
2 114 79 114 12
3 120 80 31 5
4 120 80 39 6
5 120 111 115 7
6 168 114 76 5
7 168 114 111 2
8 80 60 72 3
9 120 100 108 8
10 114 79 85 7
11 114 79 72 4
12 114 79 53 4
13 126 108 64 4
14 80 60 33 4
15 120 100 105 7
16 80 60 53 4
17 120 80 94 7
18 80 60 65 3
19 114 98 74 2
20 114 79 91 3
86
587 233 220
20 100
1 80 60 53 8
2 120 100 105 8
3 120 100 108 4
4 120 80 31 6
5 114 98 74 5
6 114 79 85 6
7 168 114 111 5
8 114 79 53 9
9 80 60 72 11
10 120 111 115 7
11 120 80 39 4
12 114 79 91 1
13 168 114 76 4
14 126 108 64 4
15 114 79 114 6
16 120 80 94 4
17 80 60 33 4
18 120 80 74 1
19 80 60 65 2
20 114 79 72 1
87
587 233 220
20 100
1 114 79 91 5
2 80 60 72 5
3 120 80 39 5
4 114 79 72 4
5 120 80 31 16
6 114 79 85 4
7 120 100 108 4
8 120 80 94 4
9 120 111 115 4
10 80 60 33 4
11 114 79 114 8
12 126 108 64 3
13 120 100 105 7
14 168 114 76 2
15 80 60 53 1
16 114 79 53 7
17 80 60 65 6
18 120 80 74 2
19 168 114 111 6
20 114 98 74 3
88
587 233 220
20 100
1 114 79 85 9
2 168 114 111 4
3 120 80 74 8
4 168 114 76 5
5 80 60 53 2
6 80 60 33 7
7 120 111 115 6
8 114 98 74 3
9 80 60 72 6
10 120 80 39 6
11 80 60 65 3
12 120 100 108 4
13 126 108 64 3
14 120 100 105 12
15 120 80 31 6
16 114 79 53 4
17 120 80 94 2
18 114 79 114 9
19 114 79 91 1
89
587 233 220
20 100
1 168 114 76 2
2 120 80 74 8
3 120 80 31 5
4 120 100 105 12
5 120 100 108 4
6 114 79 114 14
7 80 60 72 6
8 120 80 39 4
9 168 114 111 5
10 114 98 74 5
11 80 60 53 2
12 114 79 85 7
13 120 111 115 3
14 114 79 72 3
15 114 79 53 2
16 80 60 65 3
17 114 79 91 5
18 80 60 33 2
19 120 80 94 4
20 126 108 64 4
90
587 233 220
20 100
1 120 100 108 9
2 114 79 114 9
3 114 98 74 5
4 120 100 105 9
5 120 80 94 5
6 80 60 65 2
7 114 79 53 5
8 114 79 85 10
9 126 108 64 5
10 168 114 76 3
11 120 80 74 8
12 120 111 115 4
13 80 60 72 4
14 120 80 31 5
15 114 79 72 1
16 120 80 39 4
17 168 114 111 4
18 80 60 33 7
19 80 60 53 1
91
587 233 220
20 100
1 114 79 72 5
2 114 79 114 11
3 120 100 105 15
4 114 79 53 8
5 120 111 115 6
6 120 80 31 6
7 120 100 108 10
8 126 108 64 4
9 114 79 91 2
10 168 114 111 3
11 120 80 74 4
12 80 60 65 3
13 120 80 94 3
14 114 98 74 3
15 120 80 39 4
16 80 60 72 3
17 114 79 85 2
18 168 114 76 5
19 80 60 53 1
20 80 60 33 2
92
587 233 220
20 100
1 120 111 115 4
2 120 80 31 8
3 114 79 114 10
4 114 79 53 7
5 120 100 105 8
6 120 80 39 3
7 114 98 74 6
8 80 60 72 10
9 120 80 74 3
10 168 114 111 5
11 168 114 76 2
12 120 100 108 10
13 114 79 91 4
14 80 60 53 1
15 126 108 64 2
16 80 60 65 4
17 120 80 94 6
18 80 60 33 3
19 114 79 72 3
20 114 79 85 1
93
587 233 220
20 100
1 120 80 94 3
2 126 108 64 3
3 80 60 65 3
4 120 111 115 7
5 120 80 31 12
6 168 114 76 6
7 114 79 114 6
8 80 60 72 9
9 120 100 105 9
10 114 79 72 2
11 120 100 108 11
12 168 114 111 4
13 114 79 85 5
14 120 80 74 4
15 114 79 53 3
16 120 80 39 4
17 114 98 74 4
18 114 79 91 2
19 80 60 53 2
20 80 60 33 1
94
587 233 220
20 100
1 114 79 114 7
2 80 60 33 2
3 80 60 72 5
4 120 80 74 8
5 120 100 105 12
6 120 80 31 8
7 114 98 74 10
8 114 79 72 3
9 114 79 91 3
10 80 60 53 2
11 114 79 85 5
12 168 114 111 6
13 120 80 94 4
14 120 80 39 5
15 80 60 65 3
16 168 114 76 6
17 114 79 53 5
18 120 100 108 5
19 120 111 115 1
95
587 233 220
20 100
1 114 79 72 3
2 114 79 114 10
3 120 100 105 13
4 120 100 108 10
5 120 80 31 10
6 120 80 39 8
7 168 114 111 5
8 80 60 65 2
9 120 80 94 2
10 120 111 115 2
11 114 79 53 6
12 168 114 76 2
13 114 79 91 2
14 114 98 74 2
15 120 80 74 4
16 80 60 72 8
17 114 79 85 3
18 126 108 64 6
19 80 60 53 2
96
587 233 220
20 100
1 80 60 72 9
2 120 100 105 9
3 114 79 72 3
4 120 111 115 5
5 120 80 39 3
6 120 80 31 6
7 114 79 85 4
8 114 79 114 8
9 80 60 53 2
10 120 100 108 8
11 114 79 53 6
12 114 98 74 4
13 120 80 94 6
14 120 80 74 7
15 168 114 111 4
16 80 60 65 6
17 168 114 76 5
18 126 108 64 2
19 114 79 91 3
97
587 233 220
20 100
1 114 79 85 4
2 80 60 33 6
3 80 60 72 12
4 120 80 31 5
5 114 79 114 10
6 114 79 72 3
7 120 111 115 6
8 168 114 76 2
9 168 114 111 6
10 120 100 108 5
11 120 80 39 4
12 114 79 53 6
13 114 98 74 7
14 80 60 65 3
15 80 60 53 3
16 120 100 105 5
17 120 80 74 6
18 114 79 91 1
19 120 80 94 4
20 126 108 64 2
98
587 233 220
20 100
1 120 80 31 8
2 114 98 74 5
3 120 80 74 6
4 80 60 65 5
5 168 114 111 5
6 114 79 72 4
7 114 79 85 8
8 114 79 114 16
9 120 111 115 3
10 120 100 108 6
11 120 80 94 4
12 114 79 91 6
13 80 60 53 3
14 120 100 105 9
15 168 114 76 1
16 114 79 53 1
17 80 60 72 4
18 126 108 64 3
19 120 80 39 1
20 80 60 33 2
99
587 233 220
20 100
1 120 111 115 5
2 120 80 74 6
3 120 100 108 7
4 120 80 31 6
5 168 114 111 6
6 114 79 114 7
7 120 100 105 7
8 114 79 53 2
9 80 60 72 9
10 114 79 85 4
11 114 98 74 9
12 114 79 91 4
13 168 114 76 6
14 80 60 53 6
15 126 108 64 2
16 120 80 94 3
17 120 80 39 5
18 80 60 65 2
19 114 79 72 2
20 80 60 33 2
100
587 233 220
20 100
1 114 79 72 4
2 120 100 105 14
3 120 80 39 3
4 126 108 64 6
5 168 114 76 2
6 114 79 114 8
7 80 60 72 7
8 114 79 85 5
9 114 98 74 9
10 120 111 115 6
11 120 80 74 6
12 168 114 111 2
13 120 80 31 6
14 80 60 33 3
15 80 60 65 4
16 114 79 53 5
17 114 79 91 2
18 120 100 108 3
19 120 80 94 2
20 80 60 53 3
