100
1
587 233 220
3 50
1 120 100 108 22
2 120 80 74 20
3 120 80 39 8
2
587 233 220
3 50
1 114 79 114 32
2 114 79 53 8
3 80 60 33 10
3
587 233 220
3 50
1 120 100 105 20
2 120 80 74 17
3 114 79 72 13
4
587 233 220
3 50
1 114 79 114 25
2 120 80 74 14
3 114 98 74 11
5
587 233 220
3 50
1 80 60 33 12
2 120 80 94 18
3 120 80 39 20
6
587 233 220
3 50
1 120 100 108 25
2 168 114 111 8
3 120 80 74 17
7
587 233 220
3 50
1 120 100 105 31
2 80 60 53 4
3 120 80 74 15
8
587 233 220
3 50
1 120 80 94 11
2 114 79 114 28
3 114 79 72 11
9
587 233 220
3 50
1 80 60 72 23
2 120 80 94 8
3 120 100 105 19
10
587 233 220
3 50
1 120 80 31 27
2 80 60 65 9
3 80 60 72 14
11
587 233 220
3 50
1 114 98 74 13
2 114 79 72 10
3 120 80 94 27
12
587 233 220
3 50
1 120 100 108 16
2 114 79 72 8
3 114 98 74 26
13
587 233 220
3 50
1 120 80 39 15
2 120 100 105 26
3 126 108 64 9
14
587 233 220
3 50
1 114 79 114 32
2 80 60 53 9
3 120 80 94 9
15
587 233 220
3 50
1 114 79 85 18
2 120 80 31 11
3 120 100 108 21
16
587 233 220
3 50
1 114 79 85 17
2 114 98 74 16
3 120 80 39 17
17
587 233 220
3 50
1 120 100 108 16
2 120 80 31 19
3 120 111 115 15
18
587 233 220
3 50
1 120 100 105 27
2 80 60 72 9
3 120 80 31 14
19
587 233 220
3 50
1 120 80 31 16
2 120 100 108 14
3 80 60 72 20
20
587 233 220
3 50
1 120 80 74 22
2 120 80 94 19
3 80 60 65 9
21
587 233 220
3 50
1 114 79 72 15
2 120 80 74 20
3 168 114 76 15
22
587 233 220
3 50
1 120 111 115 14
2 114 79 53 13
3 114 98 74 23
23
587 233 220
3 50
1 120 100 105 29
2 120 80 39 14
3 168 114 111 7
24
587 233 220
3 50
1 114 79 53 9
2 120 100 105 30
3 80 60 53 11
25
587 233 220
3 50
1 114 79 114 21
2 120 100 108 15
3 120 80 74 14
26
587 233 220
3 50
1 114 79 114 19
2 120 100 108 19
3 114 79 85 12
27
587 233 220
3 50
1 120 80 31 13
2 114 79 114 30
3 120 80 39 7
28
587 233 220
3 50
1 120 80 94 23
2 120 80 31 15
3 168 114 111 12
29
587 233 220
3 50
1 120 80 94 22
2 114 79 91 9
3 120 100 108 19
30
587 233 220
3 50
1 114 98 74 15
2 80 60 72 25
3 114 79 91 10
31
587 233 220
3 50
1 120 100 105 24
2 120 80 74 5
3 120 100 108 21
32
587 233 220
3 50
1 114 79 114 24
2 114 79 85 20
3 126 108 64 6
33
587 233 220
3 50
1 120 100 105 30
2 168 114 76 6
3 120 100 108 14
34
587 233 220
3 50
1 120 100 108 21
2 120 80 39 15
3 114 98 74 14
35
587 233 220
3 50
1 114 79 114 21
2 120 100 105 19
3 120 80 94 10
36
587 233 220
3 50
1 80 60 72 15
2 114 79 114 30
3 80 60 53 5
37
587 233 220
3 50
1 114 79 53 11
2 120 100 105 28
3 120 80 94 11
38
587 233 220
3 50
1 114 79 114 35
2 114 79 53 7
3 120 111 115 8
39
587 233 220
3 50
1 114 79 72 4
2 114 79 114 33
3 120 80 94 13
40
587 233 220
3 50
1 120 80 31 20
2 120 100 108 13
3 120 100 105 17
41
587 233 220
3 50
1 120 100 108 14
2 114 79 114 24
3 80 60 53 12
42
587 233 220
3 50
1 120 100 108 23
2 114 79 91 5
3 114 98 74 22
43
587 233 220
3 50
1 114 79 85 16
2 114 79 72 9
3 120 100 105 25
44
587 233 220
3 50
1 114 98 74 18
2 120 80 94 8
3 114 79 114 24
45
587 233 220
3 50
1 114 79 114 17
2 80 60 72 23
3 114 79 72 10
46
587 233 220
3 50
1 120 80 94 14
2 120 100 108 21
3 126 108 64 15
47
587 233 220
3 50
1 80 60 72 32
2 120 111 115 12
3 126 108 64 6
48
587 233 220
3 50
1 120 100 108 16
2 120 80 94 14
3 120 100 105 20
49
587 233 220
3 50
1 114 79 114 25
2 80 60 72 15
3 120 100 108 10
50
587 233 220
3 50
1 80 60 72 31
2 80 60 65 12
3 80 60 53 7
51
587 233 220
3 50
1 126 108 64 15
2 80 60 65 15
3 80 60 33 20
52
587 233 220
3 50
1 120 80 74 13
2 114 79 114 25
3 120 111 115 12
53
587 233 220
3 50
1 114 98 74 23
2 114 79 91 13
3 114 79 53 14
54
587 233 220
3 50
1 120 80 31 19
2 168 114 76 11
3 80 60 72 20
55
587 233 220
3 50
1 168 114 76 18
2 114 79 85 17
3 114 79 53 15
56
587 233 220
3 50
1 168 114 76 16
2 168 114 111 17
3 120 80 74 17
57
587 233 220
3 50
1 120 80 31 18
2 120 80 74 15
3 120 80 94 17
58
587 233 220
3 50
1 80 60 53 16
2 168 114 76 21
3 114 79 72 13
59
587 233 220
3 50
1 120 80 94 19
2 120 80 39 19
3 168 114 76 12
60
587 233 220
3 50
1 80 60 72 20
2 120 100 108 18
3 114 79 53 12
61
587 233 220
3 50
1 120 100 105 28
2 120 80 39 8
3 120 80 74 14
62
587 233 220
3 50
1 114 79 114 29
2 120 111 115 15
3 114 79 91 6
63
587 233 220
3 50
1 120 111 115 15
2 168 114 111 16
3 120 80 39 19
64
587 233 220
3 50
1 80 60 72 13
2 120 100 105 29
3 168 114 76 8
65
587 233 220
3 50
1 168 114 76 7
2 114 79 114 37
3 80 60 33 6
66
587 233 220
3 50
1 168 114 76 13
2 114 79 114 27
3 120 80 39 10
67
587 233 220
3 50
1 114 79 114 23
2 114 98 74 19
3 80 60 65 8
68
587 233 220
3 50
1 120 100 108 17
2 120 80 94 11
3 120 80 31 22
69
587 233 220
3 50
1 80 60 72 24
2 80 60 33 11
3 120 80 74 15
70
587 233 220
3 50
1 120 100 105 20
2 80 60 72 17
3 114 79 85 13
71
587 233 220
3 50
1 114 98 74 6
2 120 100 108 25
3 114 79 85 19
72
587 233 220
3 50
1 120 100 108 18
2 120 100 105 17
3 120 80 31 15
73
587 233 220
3 50
1 120 100 108 26
2 114 98 74 15
3 80 60 53 9
74
587 233 220
3 50
1 114 79 114 16
2 120 100 105 22
3 120 80 74 12
75
587 233 220
3 50
1 120 80 31 18
2 168 114 111 20
3 114 98 74 12
76
587 233 220
3 50
1 114 98 74 18
2 120 100 108 24
3 168 114 111 8
77
587 233 220
3 50
1 114 79 114 27
2 120 111 115 15
3 80 60 65 8
78
587 233 220
3 50
1 120 100 105 17
2 114 79 114 17
3 80 60 72 16
79
587 233 220
3 50
1 114 79 114 21
2 168 114 76 9
3 120 80 74 20
80
587 233 220
3 50
1 120 80 39 10
2 120 100 105 31
3 80 60 53 9
81
587 233 220
3 50
1 114 79 85 11
2 114 79 114 22
3 80 60 72 17
82
587 233 220
3 50
1 168 114 76 13
2 120 100 108 23
3 80 60 33 14
83
587 233 220
3 50
1 120 80 31 17
2 114 98 74 16
3 80 60 53 17
84
587 233 220
3 50
1 80 60 72 22
2 114 79 85 11
3 114 98 74 17
85
587 233 220
3 50
1 120 80 74 24
2 80 60 33 13
3 120 80 39 13
86
587 233 220
3 50
1 168 114 111 18
2 120 80 94 20
3 120 80 39 12
87
587 233 220
3 50
1 120 100 108 20
2 80 60 72 21
3 114 79 91 9
88
587 233 220
3 50
1 168 114 111 18
2 114 79 53 20
3 120 111 115 12
89
587 233 220
3 50
1 120 100 105 25
2 120 80 31 14
3 120 100 108 11
90
587 233 220
3 50
1 168 114 111 10
2 120 100 105 27
3 114 79 53 13
91
587 233 220
3 50
1 114 79 85 20
2 80 60 72 25
3 126 108 64 5
92
587 233 220
3 50
1 114 79 72 17
2 80 60 53 17
3 80 60 65 16
93
587 233 220
3 50
1 168 114 76 7
2 114 79 114 30
3 114 79 85 13
94
587 233 220
3 50
1 126 108 64 9
2 114 79 85 21
3 120 80 74 20
95
587 233 220
3 50
1 114 79 114 28
2 168 114 76 11
3 114 79 72 11
96
587 233 220
3 50
1 80 60 72 23
2 168 114 111 17
3 80 60 33 10
97
587 233 220
3 50
1 114 79 53 19
2 120 100 108 19
3 168 114 111 12
98
587 233 220
3 50
1 126 108 64 15
2 168 114 76 16
3 114 79 53 19
99
587 233 220
3 50
1 120 111 115 11
2 114 98 74 11
3 114 79 114 28
100
587 233 220
3 50
1 120 80 74 12
2 114 79 114 24
3 80 60 72 14