100
1
587 233 220
3 100
1 80 60 33 17
2 80 60 72 36
3 114 79 114 47
2
587 233 220
3 100
1 114 79 53 33
2 168 114 111 31
3 114 98 74 36
3
587 233 220
3 100
1 120 80 31 46
2 120 80 74 37
3 168 114 111 17
4
587 233 220
3 100
1 120 100 108 33
2 114 79 114 51
3 80 60 33 16
5
587 233 220
3 100
1 114 79 72 25
2 120 80 31 57
3 168 114 76 18
6
587 233 220
3 100
1 120 80 74 41
2 114 79 72 18
3 168 114 111 41
7
587 233 220
3 100
1 120 100 105 50
2 120 80 31 34
3 120 111 115 16
8
587 233 220
3 100
1 120 80 31 44
2 114 79 53 18
3 114 79 85 38
9
587 233 220
3 100
1 114 98 74 31
2 120 100 108 44
3 120 111 115 25
10
587 233 220
3 100
1 120 80 74 31
2 168 114 76 13
3 120 100 105 56
11
587 233 220
3 100
1 120 80 94 26
2 120 80 31 53
3 168 114 76 21
12
587 233 220
3 100
1 120 100 108 28
2 120 100 105 42
3 120 80 31 30
13
587 233 220
3 100
1 114 98 74 33
2 120 80 31 48
3 114 79 72 19
14
587 233 220
3 100
1 120 111 115 29
2 114 79 85 46
3 168 114 111 25
15
587 233 220
3 100
1 120 80 39 29
2 120 100 108 45
3 168 114 76 26
16
587 233 220
3 100
1 120 80 31 37
2 120 100 105 46
3 114 79 72 17
17
587 233 220
3 100
1 120 100 108 41
2 80 60 65 20
3 120 111 115 39
18
587 233 220
3 100
1 168 114 111 35
2 120 80 94 37
3 80 60 33 28
19
587 233 220
3 100
1 168 114 111 29
2 114 98 74 24
3 120 100 105 47
20
587 233 220
3 100
1 114 79 114 53
2 120 80 94 22
3 114 79 53 25
21
587 233 220
3 100
1 114 79 114 43
2 120 100 108 29
3 120 80 74 28
22
587 233 220
3 100
1 120 111 115 36
2 120 80 74 44
3 80 60 53 20
23
587 233 220
3 100
1 80 60 33 19
2 80 60 65 23
3 120 100 108 58
24
587 233 220
3 100
1 120 100 105 44
2 114 79 114 39
3 120 80 74 17
25
587 233 220
3 100
1 114 98 74 39
2 114 79 85 45
3 114 79 91 16
26
587 233 220
3 100
1 120 100 108 53
2 114 79 53 24
3 114 98 74 23
27
587 233 220
3 100
1 80 60 53 18
2 120 80 31 43
3 120 80 74 39
28
587 233 220
3 100
1 120 100 108 29
2 80 60 72 37
3 120 100 105 34
29
587 233 220
3 100
1 120 100 105 31
2 114 79 114 43
3 120 80 31 26
30
587 233 220
3 100
1 114 79 114 46
2 80 60 72 33
3 114 79 85 21
31
587 233 220
3 100
1 114 79 114 44
2 120 100 105 35
3 120 80 31 21
32
587 233 220
3 100
1 114 79 91 22
2 120 80 31 54
3 168 114 76 24
33
587 233 220
3 100
1 114 79 114 68
2 120 80 39 17
3 80 60 33 15
34
587 233 220
3 100
1 114 98 74 31
2 114 79 72 13
3 80 60 72 56
35
587 233 220
3 100
1 120 100 105 52
2 126 108 64 18
3 120 111 115 30
36
587 233 220
3 100
1 80 60 72 60
2 80 60 33 20
3 168 114 111 20
37
587 233 220
3 100
1 80 60 72 52
2 114 79 53 25
3 168 114 111 23
38
587 233 220
3 100
1 120 80 39 26
2 120 80 74 46
3 80 60 53 28
39
587 233 220
3 100
1 114 79 114 56
2 168 114 111 23
3 114 98 74 21
40
587 233 220
3 100
1 120 100 108 48
2 120 80 39 28
3 126 108 64 24
41
587 233 220
3 100
1 114 79 72 26
2 120 80 74 37
3 120 80 39 37
42
587 233 220
3 100
1 114 79 53 29
2 168 114 76 35
3 120 80 39 36
43
587 233 220
3 100
1 120 100 108 26
2 114 79 114 46
3 120 80 74 28
44
587 233 220
3 100
1 120 80 31 45
2 114 98 74 34
3 120 111 115 21
45
587 233 220
3 100
1 114 79 91 20
2 120 80 74 40
3 120 80 31 40
46
587 233 220
3 100
1 114 79 85 24
2 120 100 108 32
3 114 79 114 44
47
587 233 220
3 100
1 114 79 114 47
2 80 60 72 34
3 114 79 85 19
48
587 233 220
3 100
1 120 80 31 48
2 80 60 33 25
3 114 79 53 27
49
587 233 220
3 100
1 168 114 111 25
2 80 60 72 49
3 80 60 53 26
50
587 233 220
3 100
1 80 60 72 34
2 120 111 115 18
3 114 79 114 48
51
587 233 220
3 100
1 120 100 105 51
2 80 60 53 20
3 120 80 31 29
52
587 233 220
3 100
1 120 100 108 35
2 120 80 94 24
3 120 100 105 41
53
587 233 220
3 100
1 114 79 85 27
2 114 79 114 46
3 80 60 72 27
54
587 233 220
3 100
1 114 79 114 45
2 120 100 108 22
3 114 79 85 33
55
587 233 220
3 100
1 114 79 114 44
2 80 60 72 37
3 120 80 94 19
56
587 233 220
3 100
1 114 79 114 55
2 120 80 94 24
3 120 111 115 21
57
587 233 220
3 100
1 120 100 105 42
2 114 79 114 41
3 80 60 33 17
58
587 233 220
3 100
1 80 60 72 52
2 80 60 53 18
3 114 79 85 30
59
587 233 220
3 100
1 114 79 114 47
2 114 79 85 28
3 114 98 74 25
60
587 233 220
3 100
1 114 79 91 36
2 120 80 39 33
3 120 80 94 31
61
587 233 220
3 100
1 120 100 108 40
2 120 80 39 24
3 80 60 72 36
62
587 233 220
3 100
1 80 60 72 35
2 120 100 108 34
3 120 80 94 31
63
587 233 220
3 100
1 80 60 72 56
2 120 80 94 24
3 126 108 64 20
64
587 233 220
3 100
1 114 79 114 53
2 80 60 72 35
3 126 108 64 12
65
587 233 220
3 100
1 120 111 115 33
2 114 98 74 28
3 114 79 53 39
66
587 233 220
3 100
1 120 100 105 51
2 120 80 94 23
3 114 79 85 26
67
587 233 220
3 100
1 114 79 114 59
2 114 79 85 25
3 168 114 111 16
68
587 233 220
3 100
1 114 79 114 48
2 120 100 105 33
3 126 108 64 19
69
587 233 220
3 100
1 114 79 85 24
2 80 60 72 41
3 120 100 105 35
70
587 233 220
3 100
1 114 79 114 66
2 80 60 53 19
3 126 108 64 15
71
587 233 220
3 100
1 114 79 85 36
2 120 80 74 37
3 120 80 39 27
72
587 233 220
3 100
1 120 111 115 28
2 120 80 39 35
3 114 98 74 37
73
587 233 220
3 100
1 114 79 53 22
2 120 100 105 45
3 80 60 72 33
74
587 233 220
3 100
1 120 100 105 54
2 120 80 94 30
3 126 108 64 16
75
587 233 220
3 100
1 80 60 65 16
2 120 100 108 41
3 120 80 31 43
76
587 233 220
3 100
1 120 80 74 30
2 80 60 72 41
3 120 80 31 29
77
587 233 220
3 100
1 114 79 114 46
2 120 100 108 32
3 80 60 33 22
78
587 233 220
3 100
1 114 79 53 19
2 114 79 114 52
3 114 79 85 29
79
587 233 220
3 100
1 120 100 105 57
2 114 79 85 30
3 168 114 111 13
80
587 233 220
3 100
1 114 98 74 25
2 120 80 31 43
3 120 80 94 32
81
587 233 220
3 100
1 80 60 53 30
2 114 79 91 27
3 114 79 53 43
82
587 233 220
3 100
1 114 79 85 28
2 120 100 108 37
3 120 100 105 35
83
587 233 220
3 100
1 114 98 74 25
2 120 100 108 37
3 114 79 85 38
84
587 233 220
3 100
1 120 100 105 56
2 120 100 108 33
3 114 79 91 11
85
587 233 220
3 100
1 120 100 105 46
2 114 79 53 29
3 80 60 33 25
86
587 233 220
3 100
1 114 79 53 34
2 114 79 85 31
3 120 100 108 35
87
587 233 220
3 100
1 114 79 114 48
2 120 100 108 27
3 80 60 72 25
88
587 233 220
3 100
1 120 80 31 51
2 80 60 33 16
3 120 80 39 33
89
587 233 220
3 100
1 120 100 108 42
2 80 60 72 44
3 168 114 111 14
90
587 233 220
3 100
1 114 79 114 37
2 120 100 105 44
3 114 98 74 19
91
587 233 220
3 100
1 114 79 53 28
2 120 80 31 50
3 80 60 65 22
92
587 233 220
3 100
1 120 80 94 41
2 168 114 111 33
3 80 60 65 26
93
587 233 220
3 100
1 114 79 114 48
2 114 79 53 17
3 120 100 108 35
94
587 233 220
3 100
1 168 114 111 29
2 120 80 31 39
3 114 79 85 32
95
587 233 220
3 100
1 168 114 76 31
2 80 60 65 24
3 114 98 74 45
96
587 233 220
3 100
1 80 60 72 46
2 168 114 111 25
3 120 80 39 29
97
587 233 220
3 100
1 80 60 72 55
2 168 114 76 20
3 120 80 94 25
98
587 233 220
3 100
1 120 80 39 33
2 120 80 94 35
3 114 98 74 32
99
587 233 220
3 100
1 114 79 53 23
2 80 60 72 45
3 120 100 108 32
100
587 233 220
3 100
1 120 80 31 55
2 168 114 111 28
3 114 79 91 17