100
1
587 233 220
3 200
1 168 114 111 60
2 168 114 76 59
3 120 80 39 81
2
587 233 220
3 200
1 120 80 39 47
2 114 79 114 120
3 114 79 91 33
3
587 233 220
3 200
1 114 79 114 95
2 80 60 72 75
3 80 60 65 30
4
587 233 220
3 200
1 120 80 39 62
2 120 80 74 62
3 114 98 74 76
5
587 233 220
3 200
1 80 60 72 115
2 168 114 76 42
3 80 60 33 43
6
587 233 220
3 200
1 120 100 105 74
2 80 60 72 82
3 114 79 85 44
7
587 233 220
3 200
1 120 100 108 45
2 120 100 105 77
3 114 79 114 78
8
587 233 220
3 200
1 120 100 105 118
2 114 98 74 53
3 126 108 64 29
9
587 233 220
3 200
1 120 100 105 111
2 80 60 65 42
3 120 111 115 47
10
587 233 220
3 200
1 120 80 74 59
2 120 100 105 91
3 120 80 39 50
11
587 233 220
3 200
1 120 111 115 75
2 120 80 39 70
3 80 60 53 55
12
587 233 220
3 200
1 120 100 108 86
2 114 79 53 51
3 120 80 94 63
13
587 233 220
3 200
1 120 100 108 73
2 80 60 72 82
3 114 98 74 45
14
587 233 220
3 200
1 120 100 105 91
2 120 100 108 63
3 120 111 115 46
15
587 233 220
3 200
1 114 79 114 101
2 120 111 115 55
3 114 98 74 44
16
587 233 220
3 200
1 120 100 108 70
2 80 60 72 79
3 120 80 39 51
17
587 233 220
3 200
1 114 79 53 73
2 80 60 53 62
3 120 80 94 65
18
587 233 220
3 200
1 80 60 65 28
2 114 79 114 101
3 120 100 108 71
19
587 233 220
3 200
1 120 80 31 101
2 80 60 33 38
3 120 80 39 61
20
587 233 220
3 200
1 80 60 72 95
2 120 80 31 71
3 80 60 33 34
21
587 233 220
3 200
1 120 100 108 87
2 168 114 76 43
3 120 80 31 70
22
587 233 220
3 200
1 114 79 114 112
2 114 79 85 58
3 120 80 94 30
23
587 233 220
3 200
1 120 80 94 41
2 114 79 114 123
3 114 98 74 36
24
587 233 220
3 200
1 120 100 105 78
2 114 79 72 30
3 80 60 72 92
25
587 233 220
3 200
1 120 100 105 112
2 120 80 94 56
3 114 79 91 32
26
587 233 220
3 200
1 114 79 114 95
2 120 100 108 59
3 120 111 115 46
27
587 233 220
3 200
1 120 80 31 113
2 80 60 33 45
3 126 108 64 42
28
587 233 220
3 200
1 120 80 31 72
2 120 80 74 48
3 80 60 72 80
29
587 233 220
3 200
1 114 79 53 64
2 120 100 108 93
3 80 60 53 43
30
587 233 220
3 200
1 120 100 108 91
2 168 114 111 46
3 114 79 53 63
31
587 233 220
3 200
1 114 79 114 124
2 114 79 91 34
3 80 60 65 42
32
587 233 220
3 200
1 120 100 105 100
2 114 98 74 49
3 120 80 94 51
33
587 233 220
3 200
1 168 114 111 53
2 120 80 74 93
3 120 80 94 54
34
587 233 220
3 200
1 120 100 105 98
2 120 80 39 35
3 120 80 31 67
35
587 233 220
3 200
1 80 60 53 64
2 114 79 72 79
3 126 108 64 57
36
587 233 220
3 200
1 168 114 111 45
2 114 79 85 72
3 120 100 108 83
37
587 233 220
3 200
1 114 79 114 95
2 168 114 111 44
3 120 100 108 61
38
587 233 220
3 200
1 168 114 111 84
2 126 108 64 45
3 80 60 53 71
39
587 233 220
3 200
1 168 114 111 50
2 120 80 31 93
3 120 111 115 57
40
587 233 220
3 200
1 114 98 74 71
2 80 60 72 81
3 120 80 39 48
41
587 233 220
3 200
1 120 100 105 70
2 80 60 72 48
3 114 79 114 82
42
587 233 220
3 200
1 114 98 74 53
2 114 79 114 96
3 114 79 85 51
43
587 233 220
3 200
1 126 108 64 53
2 120 80 74 89
3 114 79 72 58
44
587 233 220
3 200
1 80 60 72 102
2 80 60 33 46
3 114 98 74 52
45
587 233 220
3 200
1 80 60 33 26
2 120 80 94 63
3 114 79 114 111
46
587 233 220
3 200
1 114 79 114 143
2 126 108 64 22
3 114 79 91 35
47
587 233 220
3 200
1 114 79 114 75
2 114 98 74 60
3 80 60 72 65
48
587 233 220
3 200
1 114 79 53 56
2 120 100 105 105
3 120 80 94 39
49
587 233 220
3 200
1 114 79 114 92
2 114 79 53 39
3 120 80 74 69
50
587 233 220
3 200
1 120 80 74 62
2 114 79 114 112
3 114 79 91 26
51
587 233 220
3 200
1 168 114 76 52
2 120 111 115 80
3 120 80 39 68
52
587 233 220
3 200
1 120 80 74 73
2 168 114 111 66
3 120 111 115 61
53
587 233 220
3 200
1 120 80 39 33
2 80 60 72 79
3 120 100 105 88
54
587 233 220
3 200
1 114 79 72 45
2 120 80 94 62
3 120 100 108 93
55
587 233 220
3 200
1 120 100 105 97
2 126 108 64 18
3 114 79 114 85
56
587 233 220
3 200
1 80 60 72 108
2 168 114 111 54
3 126 108 64 38
57
587 233 220
3 200
1 114 79 91 38
2 80 60 72 116
3 168 114 76 46
58
587 233 220
3 200
1 120 100 105 114
2 168 114 76 43
3 80 60 65 43
59
587 233 220
3 200
1 114 79 114 120
2 114 79 85 49
3 126 108 64 31
60
587 233 220
3 200
1 120 100 108 100
2 168 114 111 55
3 114 79 53 45
61
587 233 220
3 200
1 114 79 114 127
2 114 79 85 46
3 114 79 91 27
62
587 233 220
3 200
1 168 114 76 48
2 120 100 108 95
3 120 111 115 57
63
587 233 220
3 200
1 126 108 64 48
2 80 60 53 58
3 168 114 111 94
64
587 233 220
3 200
1 120 80 94 67
2 114 98 74 75
3 168 114 76 58
65
587 233 220
3 200
1 80 60 72 50
2 114 79 114 98
3 120 80 31 52
66
587 233 220
3 200
1 80 60 72 89
2 120 111 115 41
3 120 100 108 70
67
587 233 220
3 200
1 120 100 105 108
2 114 79 91 31
3 120 80 39 61
68
587 233 220
3 200
1 114 79 91 39
2 80 60 65 49
3 120 80 31 112
69
587 233 220
3 200
1 120 111 115 91
2 114 79 91 54
3 80 60 53 55
70
587 233 220
3 200
1 114 79 114 100
2 114 79 85 62
3 120 80 39 38
71
587 233 220
3 200
1 114 79 53 71
2 120 80 94 63
3 120 80 39 66
72
587 233 220
3 200
1 120 100 105 110
2 120 80 31 57
3 126 108 64 33
73
587 233 220
3 200
1 120 80 94 43
2 80 60 72 94
3 114 98 74 63
74
587 233 220
3 200
1 120 100 105 91
2 80 60 72 81
3 126 108 64 28
75
587 233 220
3 200
1 114 98 74 91
2 114 79 91 45
3 80 60 65 64
76
587 233 220
3 200
1 120 80 74 60
2 114 79 114 99
3 114 79 53 41
77
587 233 220
3 200
1 120 80 74 65
2 120 100 105 99
3 80 60 65 36
78
587 233 220
3 200
1 114 79 85 58
2 80 60 65 33
3 120 100 105 109
79
587 233 220
3 200
1 114 79 114 95
2 120 100 105 77
3 114 79 72 28
80
587 233 220
3 200
1 120 100 108 90
2 114 98 74 64
3 168 114 76 46
81
587 233 220
3 200
1 80 60 72 71
2 114 79 114 97
3 80 60 53 32
82
587 233 220
3 200
1 120 100 105 118
2 114 79 53 40
3 120 80 94 42
83
587 233 220
3 200
1 120 111 115 51
2 114 79 85 74
3 120 80 31 75
84
587 233 220
3 200
1 120 100 105 71
2 114 79 114 89
3 120 80 39 40
85
587 233 220
3 200
1 80 60 72 67
2 120 100 105 79
3 114 79 85 54
86
587 233 220
3 200
1 120 100 105 100
2 114 79 85 60
3 120 80 74 40
87
587 233 220
3 200
1 120 100 108 74
2 120 100 105 75
3 114 79 85 51
88
587 233 220
3 200
1 120 100 105 102
2 120 80 39 60
3 168 114 76 38
89
587 233 220
3 200
1 114 79 53 57
2 120 100 108 76
3 120 80 94 67
90
587 233 220
3 200
1 114 79 114 97
2 80 60 72 71
3 80 60 53 32
91
587 233 220
3 200
1 120 100 105 101
2 120 100 108 75
3 80 60 33 24
92
587 233 220
3 200
1 120 80 74 65
2 114 79 114 105
3 168 114 111 30
93
587 233 220
3 200
1 126 108 64 51
2 114 79 53 65
3 120 111 115 84
94
587 233 220
3 200
1 114 98 74 81
2 120 80 74 64
3 114 79 53 55
95
587 233 220
3 200
1 126 108 64 23
2 114 79 114 104
3 120 80 31 73
96
587 233 220
3 200
1 80 60 72 109
2 80 60 53 35
3 120 80 94 56
97
587 233 220
3 200
1 120 100 108 115
2 126 108 64 39
3 80 60 53 46
98
587 233 220
3 200
1 120 80 74 78
2 80 60 72 84
3 126 108 64 38
99
587 233 220
3 200
1 114 79 114 117
2 120 100 108 50
3 120 111 115 33
100
587 233 220
3 200
1 114 79 114 119
2 120 111 115 41
3 120 80 39 40