100
1
587 233 220
5 100
1 120 100 108 24
2 114 79 114 44
3 114 79 91 13
4 80 60 65 11
5 80 60 33 8
2
587 233 220
5 100
1 120 80 74 25
2 80 60 72 32
3 120 100 108 19
4 120 80 31 15
5 120 80 39 9
3
587 233 220
5 100
1 114 79 114 32
2 120 100 105 25
3 168 114 76 11
4 120 111 115 16
5 114 79 53 16
4
587 233 220
5 100
1 120 80 74 20
2 80 60 65 8
3 80 60 72 33
4 80 60 53 11
5 120 80 39 28
5
587 233 220
5 100
1 114 98 74 13
2 80 60 72 31
3 114 79 53 15
4 114 79 85 21
5 120 80 31 20
6
587 233 220
5 100
1 120 100 108 24
2 80 60 72 29
3 120 111 115 19
4 120 80 94 16
5 114 79 53 12
7
587 233 220
5 100
1 114 79 114 33
2 114 98 74 13
3 120 100 105 30
4 168 114 76 7
5 114 79 53 17
8
587 233 220
5 100
1 120 80 94 13
2 120 100 105 35
3 114 79 91 12
4 120 100 108 20
5 120 80 39 20
9
587 233 220
5 100
1 114 98 74 18
2 120 100 105 35
3 120 100 108 17
4 80 60 33 11
5 114 79 53 19
10
587 233 220
5 100
1 168 114 76 13
2 80 60 72 25
3 120 100 105 29
4 120 100 108 20
5 114 98 74 13
11
587 233 220
5 100
1 120 100 108 17
2 120 100 105 26
3 80 60 72 18
4 114 79 114 26
5 114 79 85 13
12
587 233 220
5 100
1 114 79 114 40
2 120 100 108 27
3 114 79 85 15
4 114 79 72 7
5 168 114 111 11
13
587 233 220
5 100
1 114 79 53 8
2 114 98 74 17
3 114 79 72 22
4 120 80 39 22
5 114 79 114 31
14
587 233 220
5 100
1 120 100 105 27
2 114 79 114 38
3 120 80 39 12
4 114 79 85 17
5 80 60 65 6
15
587 233 220
5 100
1 114 79 114 28
2 114 79 72 7
3 120 100 108 20
4 120 80 31 26
5 80 60 72 19
16
587 233 220
5 100
1 114 79 114 46
2 168 114 76 15
3 114 79 53 14
4 114 79 91 12
5 120 80 94 13
17
587 233 220
5 100
1 168 114 76 10
2 120 80 39 12
3 120 100 105 28
4 114 79 114 40
5 80 60 65 10
18
587 233 220
5 100
1 114 98 74 14
2 114 79 114 37
3 80 60 72 33
4 80 60 33 5
5 120 80 39 11
19
587 233 220
5 100
1 120 100 105 38
2 120 80 31 19
3 120 80 74 11
4 120 80 94 11
5 120 100 108 21
20
587 233 220
5 100
1 120 100 105 30
2 114 98 74 16
3 80 60 72 18
4 114 79 53 18
5 120 80 74 18
21
587 233 220
5 100
1 120 100 108 33
2 120 80 94 16
3 114 79 53 25
4 114 79 91 13
5 114 79 72 13
22
587 233 220
5 100
1 120 100 108 29
2 114 79 85 26
3 114 79 53 19
4 114 79 91 7
5 120 80 74 19
23
587 233 220
5 100
1 80 60 72 30
2 120 100 105 26
3 80 60 65 8
4 120 80 94 20
5 114 98 74 16
24
587 233 220
5 100
1 114 79 114 40
2 120 100 108 17
3 120 80 31 18
4 114 98 74 17
5 126 108 64 8
25
587 233 220
5 100
1 120 80 31 18
2 114 79 85 16
3 114 79 114 28
4 114 98 74 15
5 120 100 105 23
26
587 233 220
5 100
1 120 80 31 20
2 114 79 114 31
3 120 100 105 31
4 120 111 115 11
5 80 60 65 7
27
587 233 220
5 100
1 120 80 74 21
2 114 79 114 37
3 120 111 115 14
4 80 60 53 8
5 80 60 72 20
28
587 233 220
5 100
1 114 79 114 40
2 126 108 64 7
3 120 80 39 11
4 120 100 108 19
5 120 100 105 23
29
587 233 220
5 100
1 120 111 115 21
2 114 79 114 37
3 80 60 53 14
4 114 79 53 12
5 120 80 74 16
30
587 233 220
5 100
1 120 80 39 20
2 120 100 105 23
3 114 79 114 25
4 80 60 72 24
5 120 80 74 8
31
587 233 220
5 100
1 114 79 114 39
2 114 79 91 11
3 80 60 72 24
4 126 108 64 12
5 168 114 111 14
32
587 233 220
5 100
1 120 80 31 13
2 120 80 94 11
3 114 79 114 38
4 120 100 105 29
5 114 79 85 9
33
587 233 220
5 100
1 114 79 114 34
2 120 80 74 18
3 114 98 74 16
4 120 80 39 15
5 120 80 94 17
34
587 233 220
5 100
1 120 100 108 16
2 114 79 114 26
3 120 100 105 20
4 120 80 39 13
5 120 80 31 25
35
587 233 220
5 100
1 120 100 105 26
2 120 80 31 15
3 114 79 85 20
4 120 80 94 16
5 120 100 108 23
36
587 233 220
5 100
1 120 80 31 25
2 80 60 72 21
3 120 100 105 35
4 120 80 74 7
5 114 98 74 12
37
587 233 220
5 100
1 120 100 108 26
2 120 80 31 36
3 114 79 91 12
4 120 111 115 17
5 80 60 65 9
38
587 233 220
5 100
1 120 100 105 46
2 80 60 53 7
3 114 79 91 9
4 120 80 94 15
5 114 98 74 23
39
587 233 220
5 100
1 80 60 72 40
2 120 100 108 21
3 114 98 74 14
4 120 80 94 11
5 120 111 115 14
40
587 233 220
5 100
1 120 100 105 32
2 120 80 74 15
3 120 80 31 26
4 114 79 72 10
5 114 79 85 17
41
587 233 220
5 100
1 120 80 94 16
2 120 100 105 33
3 120 80 74 16
4 114 79 85 19
5 80 60 33 16
42
587 233 220
5 100
1 114 79 85 31
2 120 80 74 34
3 80 60 65 14
4 114 79 72 10
5 168 114 76 11
43
587 233 220
5 100
1 114 79 85 29
2 168 114 111 16
3 120 80 39 12
4 120 80 31 27
5 80 60 65 16
44
587 233 220
5 100
1 120 111 115 13
2 80 60 72 18
3 120 100 105 40
4 168 114 76 17
5 80 60 53 12
45
587 233 220
5 100
1 80 60 65 9
2 114 79 114 45
3 120 80 31 22
4 120 80 74 17
5 168 114 76 7
46
587 233 220
5 100
1 114 79 114 36
2 120 80 31 21
3 80 60 33 11
4 120 111 115 13
5 114 79 53 19
47
587 233 220
5 100
1 114 79 114 35
2 120 80 31 26
3 114 79 85 11
4 120 111 115 16
5 168 114 111 12
48
587 233 220
5 100
1 120 80 31 20
2 120 100 108 28
3 114 79 114 31
4 80 60 33 10
5 80 60 65 11
49
587 233 220
5 100
1 120 100 105 29
2 80 60 72 22
3 168 114 111 16
4 120 100 108 17
5 120 80 94 16
50
587 233 220
5 100
1 120 100 105 23
2 120 80 31 23
3 114 79 85 19
4 114 79 114 27
5 126 108 64 8
51
587 233 220
5 100
1 114 79 114 32
2 114 79 72 13
3 80 60 33 8
4 120 100 105 26
5 80 60 72 21
52
587 233 220
5 100
1 114 79 114 39
2 120 80 31 22
3 114 79 85 20
4 126 108 64 9
5 80 60 53 10
53
587 233 220
5 100
1 120 80 74 15
2 114 79 114 34
3 120 100 105 19
4 80 60 33 7
5 120 80 31 25
54
587 233 220
5 100
1 120 80 74 15
2 120 100 105 38
3 114 98 74 13
4 168 114 76 13
5 120 80 94 21
55
587 233 220
5 100
1 120 111 115 14
2 168 114 111 11
3 80 60 65 6
4 114 79 114 37
5 120 100 105 32
56
587 233 220
5 100
1 120 100 105 30
2 114 79 114 32
3 120 80 94 20
4 168 114 76 10
5 80 60 65 8
57
587 233 220
5 100
1 80 60 72 23
2 114 79 114 29
3 120 80 39 12
4 120 100 108 21
5 114 79 53 15
58
587 233 220
5 100
1 168 114 111 15
2 120 80 74 17
3 120 111 115 19
4 114 79 85 24
5 80 60 72 25
59
587 233 220
5 100
1 114 79 114 34
2 114 98 74 22
3 168 114 111 17
4 80 60 65 15
5 168 114 76 12
60
587 233 220
5 100
1 80 60 65 14
2 120 100 108 23
3 120 80 39 18
4 120 100 105 35
5 120 111 115 10
61
587 233 220
5 100
1 114 79 53 15
2 80 60 72 19
3 120 100 108 17
4 114 79 85 19
5 114 79 114 30
62
587 233 220
5 100
1 80 60 72 21
2 114 79 114 32
3 120 100 105 25
4 114 98 74 12
5 120 80 31 10
63
587 233 220
5 100
1 114 79 85 23
2 120 80 74 14
3 120 100 105 29
4 120 100 108 12
5 80 60 72 22
64
587 233 220
5 100
1 120 100 108 23
2 120 80 31 10
3 120 100 105 22
4 114 79 114 30
5 114 98 74 15
65
587 233 220
5 100
1 114 79 114 42
2 114 79 53 14
3 120 111 115 20
4 114 79 72 10
5 120 80 39 14
66
587 233 220
5 100
1 168 114 111 16
2 114 79 91 16
3 114 79 85 31
4 120 80 74 17
5 120 80 39 20
67
587 233 220
5 100
1 120 100 105 31
2 114 79 91 14
3 120 80 31 26
4 126 108 64 13
5 120 80 39 16
68
587 233 220
5 100
1 120 80 31 31
2 120 80 94 19
3 120 80 74 24
4 168 114 76 10
5 114 79 85 16
69
587 233 220
5 100
1 120 100 105 28
2 80 60 65 9
3 120 100 108 21
4 114 79 114 30
5 168 114 111 12
70
587 233 220
5 100
1 114 79 91 8
2 114 79 114 35
3 120 100 108 20
4 120 80 74 21
5 114 79 72 16
71
587 233 220
5 100
1 120 100 105 34
2 114 79 114 29
3 80 60 72 24
4 168 114 111 7
5 80 60 33 6
72
587 233 220
5 100
1 80 60 53 22
2 80 60 33 18
3 114 79 72 18
4 114 79 91 16
5 114 79 53 26
73
587 233 220
5 100
1 114 79 85 18
2 80 60 33 14
3 120 80 31 28
4 114 79 114 25
5 120 80 74 15
74
587 233 220
5 100
1 114 79 114 35
2 114 79 72 12
3 80 60 72 20
4 80 60 33 20
5 114 98 74 13
75
587 233 220
5 100
1 114 79 53 23
2 80 60 72 23
3 120 80 74 28
4 120 111 115 11
5 120 80 94 15
76
587 233 220
5 100
1 114 79 53 13
2 120 100 105 28
3 120 100 108 29
4 114 79 72 10
5 120 80 31 20
77
587 233 220
5 100
1 114 79 85 33
2 80 60 53 13
3 168 114 76 17
4 120 80 94 19
5 114 79 53 18
78
587 233 220
5 100
1 114 79 72 13
2 114 79 91 14
3 114 79 114 43
4 126 108 64 9
5 120 80 31 21
79
587 233 220
5 100
1 120 111 115 11
2 80 60 72 24
3 114 79 114 37
4 120 80 39 9
5 120 80 31 19
80
587 233 220
5 100
1 120 100 105 37
2 126 108 64 8
3 168 114 76 14
4 120 80 31 28
5 120 80 39 13
81
587 233 220
5 100
1 80 60 33 8
2 114 98 74 16
3 120 100 105 25
4 120 80 31 16
5 114 79 114 35
82
587 233 220
5 100
1 120 80 31 34
2 114 79 72 7
3 80 60 72 22
4 120 80 74 28
5 80 60 65 9
83
587 233 220
5 100
1 80 60 72 34
2 120 111 115 17
3 80 60 53 15
4 120 80 74 26
5 114 79 72 8
84
587 233 220
5 100
1 120 80 39 23
2 114 79 85 27
3 120 100 108 19
4 114 79 72 11
5 114 79 53 20
85
587 233 220
5 100
1 120 100 105 30
2 114 98 74 20
3 120 100 108 26
4 114 79 85 20
5 80 60 53 4
86
587 233 220
5 100
1 80 60 72 21
2 120 80 94 14
3 120 100 105 31
4 120 80 39 15
5 120 80 74 19
87
587 233 220
5 100
1 80 60 72 25
2 120 100 105 28
3 120 100 108 29
4 114 98 74 12
5 168 114 76 6
88
587 233 220
5 100
1 80 60 72 17
2 120 100 105 35
3 114 79 85 20
4 114 79 114 21
5 80 60 53 7
89
587 233 220
5 100
1 120 80 74 12
2 120 100 105 28
3 114 79 72 7
4 114 79 114 28
5 80 60 72 25
90
587 233 220
5 100
1 120 80 31 29
2 80 60 72 32
3 120 80 39 18
4 168 114 76 12
5 126 108 64 9
91
587 233 220
5 100
1 80 60 72 36
2 168 114 111 21
3 114 79 72 9
4 80 60 53 11
5 120 80 31 23
92
587 233 220
5 100
1 120 100 105 37
2 114 79 85 28
3 114 98 74 11
4 80 60 65 11
5 114 79 91 13
93
587 233 220
5 100
1 80 60 72 38
2 120 80 74 18
3 80 60 33 12
4 120 80 39 16
5 114 79 53 16
94
587 233 220
5 100
1 114 79 114 37
2 120 80 39 14
3 126 108 64 14
4 120 80 94 18
5 114 79 72 17
95
587 233 220
5 100
1 114 79 114 38
2 120 100 108 23
3 80 60 33 14
4 126 108 64 11
5 120 80 74 14
96
587 233 220
5 100
1 120 100 105 34
2 120 80 94 18
3 120 80 31 28
4 80 60 33 9
5 114 79 72 11
97
587 233 220
5 100
1 120 100 105 33
2 114 79 114 37
3 120 80 94 15
4 80 60 33 7
5 80 60 53 8
98
587 233 220
5 100
1 168 114 111 12
2 114 79 114 36
3 80 60 72 18
4 120 100 105 21
5 120 80 39 13
99
587 233 220
5 100
1 120 80 74 19
2 114 79 114 37
3 168 114 76 23
4 80 60 33 8
5 114 79 91 13
100
587 233 220
5 100
1 120 80 31 17
2 120 100 108 25
3 120 80 74 17
4 114 79 85 19
5 80 60 72 22