100
1
587 233 220
5 200
1 120 100 108 52
2 114 79 85 52
3 114 98 74 44
4 80 60 65 32
5 80 60 33 20
2
587 233 220
5 200
1 120 80 74 48
2 114 79 114 76
3 114 79 85 29
4 168 114 111 31
5 168 114 76 16
3
587 233 220
5 200
1 80 60 72 76
2 120 80 39 49
3 168 114 76 29
4 114 79 91 24
5 126 108 64 22
4
587 233 220
5 200
1 120 80 31 68
2 114 79 53 29
3 114 79 72 25
4 120 80 74 50
5 80 60 65 28
5
587 233 220
5 200
1 120 80 94 31
2 120 100 105 85
3 168 114 76 30
4 80 60 65 26
5 168 114 111 28
6
587 233 220
5 200
1 114 79 114 59
2 120 100 108 47
3 114 98 74 19
4 80 60 72 53
5 168 114 111 22
7
587 233 220
5 200
1 120 80 74 24
2 120 100 105 45
3 80 60 72 32
4 114 79 114 56
5 120 100 108 43
8
587 233 220
5 200
1 114 79 53 34
2 120 111 115 56
3 114 79 85 59
4 114 79 72 24
5 80 60 53 27
9
587 233 220
5 200
1 120 80 94 28
2 120 100 105 66
3 120 80 31 42
4 114 98 74 34
5 114 79 53 30
10
587 233 220
5 200
1 114 79 53 27
2 80 60 72 59
3 114 79 114 63
4 120 80 74 33
5 114 79 72 18
11
587 233 220
5 200
1 114 79 114 63
2 120 100 105 58
3 120 100 108 38
4 120 80 39 22
5 80 60 53 19
12
587 233 220
5 200
1 120 80 31 36
2 114 79 85 32
3 80 60 72 54
4 168 114 76 24
5 114 79 114 54
13
587 233 220
5 200
1 126 108 64 12
2 120 100 108 48
3 80 60 72 46
4 114 79 114 50
5 120 100 105 44
14
587 233 220
5 200
1 120 80 31 66
2 114 79 85 49
3 80 60 53 38
4 168 114 76 17
5 114 79 91 30
15
587 233 220
5 200
1 114 79 114 50
2 120 100 108 37
3 120 80 74 35
4 80 60 33 23
5 120 100 105 55
16
587 233 220
5 200
1 120 100 108 40
2 120 111 115 28
3 120 80 39 29
4 114 79 114 68
5 120 100 105 35
17
587 233 220
5 200
1 114 79 114 67
2 126 108 64 14
3 168 114 76 21
4 120 80 31 40
5 120 100 108 58
18
587 233 220
5 200
1 120 100 108 61
2 120 80 74 45
3 80 60 65 35
4 120 80 39 41
5 126 108 64 18
19
587 233 220
5 200
1 114 98 74 24
2 114 79 53 26
3 120 100 105 64
4 114 79 114 69
5 168 114 76 17
20
587 233 220
5 200
1 120 100 105 54
2 114 79 114 61
3 114 79 53 29
4 80 60 72 39
5 126 108 64 17
21
587 233 220
5 200
1 80 60 72 32
2 80 60 65 23
3 120 100 105 51
4 114 79 114 65
5 114 79 53 29
22
587 233 220
5 200
1 114 79 114 68
2 80 60 33 18
3 80 60 72 56
4 80 60 53 19
5 120 100 108 39
23
587 233 220
5 200
1 80 60 72 57
2 120 80 74 30
3 120 100 105 60
4 168 114 111 18
5 114 98 74 35
24
587 233 220
5 200
1 120 80 31 45
2 120 100 105 58
3 120 80 94 32
4 114 79 53 25
5 120 100 108 40
25
587 233 220
5 200
1 120 80 31 69
2 80 60 33 25
3 168 114 111 27
4 120 100 108 53
5 114 79 72 26
26
587 233 220
5 200
1 120 111 115 33
2 114 79 114 56
3 120 100 105 55
4 80 60 72 46
5 114 79 72 10
27
587 233 220
5 200
1 80 60 33 27
2 80 60 72 59
3 114 79 72 38
4 114 98 74 47
5 80 60 65 29
28
587 233 220
5 200
1 120 80 39 34
2 120 80 94 29
3 114 98 74 48
4 168 114 111 34
5 120 100 108 55
29
587 233 220
5 200
1 120 80 31 50
2 80 60 72 53
3 114 79 53 39
4 120 80 74 41
5 126 108 64 17
30
587 233 220
5 200
1 114 79 114 79
2 120 80 31 48
3 168 114 111 17
4 120 80 39 31
5 80 60 33 25
31
587 233 220
5 200
1 126 108 64 17
2 114 79 53 32
3 114 79 114 70
4 80 60 72 59
5 114 79 72 22
32
587 233 220
5 200
1 120 80 94 54
2 114 98 74 50
3 80 60 53 27
4 120 111 115 39
5 80 60 65 30
33
587 233 220
5 200
1 120 100 108 69
2 80 60 65 32
3 120 80 31 59
4 126 108 64 21
5 80 60 53 19
34
587 233 220
5 200
1 80 60 33 30
2 114 79 72 32
3 114 79 85 53
4 126 108 64 30
5 120 80 31 55
35
587 233 220
5 200
1 114 98 74 28
2 114 79 114 63
3 120 111 115 32
4 120 100 105 60
5 126 108 64 17
36
587 233 220
5 200
1 120 100 105 80
2 80 60 53 24
3 168 114 111 27
4 114 79 85 49
5 114 79 91 20
37
587 233 220
5 200
1 114 79 114 60
2 80 60 72 46
3 120 100 108 34
4 120 111 115 28
5 168 114 111 32
38
587 233 220
5 200
1 114 79 114 75
2 114 98 74 30
3 114 79 85 28
4 80 60 72 51
5 114 79 91 16
39
587 233 220
5 200
1 120 100 105 45
2 120 100 108 40
3 120 80 31 35
4 114 79 114 57
5 120 80 39 23
40
587 233 220
5 200
1 114 79 114 77
2 114 98 74 27
3 120 80 94 29
4 120 80 31 46
5 168 114 111 21
41
587 233 220
5 200
1 120 80 31 43
2 114 79 85 42
3 114 79 114 70
4 80 60 33 27
5 114 79 91 18
42
587 233 220
5 200
1 120 80 31 49
2 114 79 53 43
3 80 60 72 51
4 168 114 111 29
5 120 111 115 28
43
587 233 220
5 200
1 114 79 114 68
2 80 60 33 29
3 168 114 111 29
4 168 114 76 23
5 114 98 74 51
44
587 233 220
5 200
1 114 79 53 16
2 120 100 108 52
3 80 60 72 62
4 120 80 31 44
5 168 114 111 26
45
587 233 220
5 200
1 80 60 33 22
2 120 100 108 50
3 120 80 94 34
4 114 79 85 48
5 120 80 31 46
46
587 233 220
5 200
1 114 79 85 43
2 120 80 31 57
3 80 60 65 17
4 114 98 74 44
5 120 80 39 39
47
587 233 220
5 200
1 120 100 108 54
2 80 60 65 15
3 80 60 33 23
4 114 79 114 69
5 120 80 74 39
48
587 233 220
5 200
1 80 60 72 42
2 80 60 33 26
3 80 60 65 28
4 114 79 114 72
5 114 98 74 32
49
587 233 220
5 200
1 120 100 105 54
2 120 111 115 35
3 114 79 114 58
4 80 60 65 19
5 120 80 39 34
50
587 233 220
5 200
1 114 79 114 70
2 80 60 33 20
3 114 98 74 35
4 80 60 65 35
5 120 111 115 40
51
587 233 220
5 200
1 120 80 74 60
2 114 79 72 42
3 80 60 33 38
4 80 60 65 34
5 126 108 64 26
52
587 233 220
5 200
1 120 100 108 52
2 114 79 114 66
3 120 80 74 33
4 80 60 33 14
5 114 79 85 35
53
587 233 220
5 200
1 120 100 108 36
2 114 98 74 38
3 126 108 64 20
4 120 100 105 69
5 120 80 94 37
54
587 233 220
5 200
1 114 98 74 42
2 114 79 114 71
3 168 114 111 28
4 120 80 94 29
5 168 114 76 30
55
587 233 220
5 200
1 120 100 105 62
2 114 79 91 24
3 114 79 53 35
4 126 108 64 26
5 114 98 74 53
56
587 233 220
5 200
1 120 80 39 46
2 120 100 108 55
3 114 98 74 40
4 120 80 94 35
5 80 60 53 24
57
587 233 220
5 200
1 114 79 72 25
2 114 79 114 81
3 120 111 115 33
4 114 79 85 36
5 120 80 39 25
58
587 233 220
5 200
1 120 100 108 51
2 80 60 65 22
3 120 80 31 56
4 120 111 115 39
5 120 80 39 32
59
587 233 220
5 200
1 80 60 72 59
2 168 114 111 34
3 120 100 108 43
4 114 79 85 43
5 168 114 76 21
60
587 233 220
5 200
1 120 80 94 33
2 114 79 114 68
3 120 100 108 48
4 120 80 74 29
5 114 79 72 22
61
587 233 220
5 200
1 114 79 114 79
2 120 80 39 19
3 120 80 31 35
4 114 79 53 28
5 120 100 108 39
62
587 233 220
5 200
1 120 80 39 25
2 120 100 105 67
3 120 100 108 50
4 120 80 74 33
5 114 79 53 25
63
587 233 220
5 200
1 114 79 114 85
2 120 111 115 44
3 168 114 111 25
4 114 79 85 28
5 80 60 33 18
64
587 233 220
5 200
1 120 100 105 55
2 114 79 114 71
3 80 60 72 38
4 114 79 91 12
5 168 114 111 24
65
587 233 220
5 200
1 120 80 31 53
2 120 80 39 33
3 114 79 53 42
4 114 79 85 40
5 120 80 94 32
66
587 233 220
5 200
1 80 60 33 24
2 80 60 72 78
3 168 114 111 23
4 120 80 39 41
5 168 114 76 34
67
587 233 220
5 200
1 80 60 72 53
2 114 79 53 32
3 168 114 76 26
4 114 79 85 38
5 120 80 31 51
68
587 233 220
5 200
1 120 100 105 92
2 120 111 115 38
3 168 114 76 27
4 80 60 53 17
5 114 79 72 26
69
587 233 220
5 200
1 114 79 114 62
2 120 100 108 44
3 114 98 74 24
4 120 100 105 52
5 168 114 76 18
70
587 233 220
5 200
1 114 79 85 37
2 80 60 72 42
3 114 79 114 53
4 120 100 105 49
5 120 80 39 19
71
587 233 220
5 200
1 114 79 53 39
2 80 60 53 21
3 120 80 31 53
4 120 100 108 66
5 114 79 72 21
72
587 233 220
5 200
1 114 79 114 81
2 114 79 53 30
3 114 79 72 20
4 114 79 85 45
5 168 114 111 24
73
587 233 220
5 200
1 120 100 105 51
2 114 79 114 61
3 120 100 108 42
4 120 80 39 26
5 120 111 115 20
74
587 233 220
5 200
1 80 60 33 25
2 120 100 105 61
3 120 80 31 50
4 80 60 72 49
5 114 79 91 15
75
587 233 220
5 200
1 80 60 53 15
2 114 79 53 26
3 120 80 39 32
4 114 79 114 71
5 120 100 105 56
76
587 233 220
5 200
1 120 100 108 43
2 114 79 53 22
3 114 79 85 29
4 114 79 114 53
5 120 100 105 53
77
587 233 220
5 200
1 120 80 94 40
2 114 79 85 45
3 120 80 39 32
4 120 100 108 61
5 168 114 76 22
78
587 233 220
5 200
1 120 111 115 35
2 80 60 33 30
3 120 100 108 70
4 114 79 91 21
5 120 80 94 44
79
587 233 220
5 200
1 168 114 76 35
2 114 79 85 46
3 126 108 64 22
4 120 80 31 67
5 168 114 111 30
80
587 233 220
5 200
1 120 100 105 60
2 114 79 72 24
3 120 100 108 45
4 120 80 31 35
5 120 80 74 36
81
587 233 220
5 200
1 120 111 115 34
2 114 79 114 72
3 120 80 31 36
4 114 98 74 32
5 80 60 65 26
82
587 233 220
5 200
1 120 80 31 52
2 80 60 65 15
3 120 80 74 36
4 120 100 105 66
5 114 98 74 31
83
587 233 220
5 200
1 120 100 105 56
2 120 100 108 62
3 120 80 74 38
4 126 108 64 23
5 168 114 76 21
84
587 233 220
5 200
1 80 60 72 70
2 120 80 31 55
3 80 60 33 24
4 114 79 91 24
5 126 108 64 27
85
587 233 220
5 200
1 120 100 108 64
2 120 80 74 41
3 120 80 31 41
4 80 60 65 27
5 120 80 39 27
86
587 233 220
5 200
1 114 79 114 79
2 120 80 74 48
3 168 114 111 23
4 114 79 91 27
5 114 79 72 23
87
587 233 220
5 200
1 120 100 108 48
2 120 100 105 59
3 80 60 53 28
4 120 111 115 29
5 114 79 85 36
88
587 233 220
5 200
1 114 79 53 28
2 126 108 64 22
3 120 100 108 70
4 114 79 85 41
5 120 80 74 39
89
587 233 220
5 200
1 120 100 105 81
2 80 60 33 36
3 168 114 111 28
4 114 98 74 32
5 168 114 76 23
90
587 233 220
5 200
1 120 100 105 77
2 126 108 64 25
3 120 111 115 40
4 80 60 53 22
5 114 79 53 36
91
587 233 220
5 200
1 114 79 85 50
2 168 114 111 37
3 126 108 64 21
4 80 60 53 23
5 120 100 105 69
92
587 233 220
5 200
1 80 60 65 36
2 168 114 111 40
3 80 60 72 55
4 120 80 31 45
5 80 60 33 24
93
587 233 220
5 200
1 120 111 115 24
2 114 79 85 43
3 114 98 74 35
4 114 79 114 69
5 114 79 53 29
94
587 233 220
5 200
1 114 79 114 68
2 120 100 105 58
3 80 60 33 24
4 120 111 115 28
5 168 114 76 22
95
587 233 220
5 200
1 114 79 114 53
2 120 80 31 42
3 120 80 94 25
4 114 79 85 35
5 80 60 72 45
96
587 233 220
5 200
1 114 98 74 35
2 120 100 105 62
3 80 60 72 57
4 80 60 53 24
5 168 114 111 22
97
587 233 220
5 200
1 114 79 72 20
2 114 79 85 36
3 120 100 105 73
4 168 114 76 29
5 120 100 108 42
98
587 233 220
5 200
1 168 114 76 18
2 120 100 105 64
3 120 80 31 47
4 114 79 85 36
5 120 80 94 35
99
587 233 220
5 200
1 120 100 105 59
2 120 111 115 38
3 80 60 72 49
4 120 80 31 35
5 114 79 72 19
100
587 233 220
5 200
1 114 79 114 69
2 114 98 74 39
3 120 111 115 26
4 114 79 53 37
5 114 79 85 29