100
1
587 233 220
5 50
1 120 100 105 18
2 120 80 31 11
3 126 108 64 4
4 120 80 94 11
5 168 114 111 6
2
587 233 220
5 50
1 114 98 74 11
2 120 100 105 16
3 120 111 115 10
4 114 79 72 3
5 120 80 39 10
3
587 233 220
5 50
1 114 79 114 19
2 80 60 65 7
3 114 79 53 8
4 168 114 76 10
5 120 100 108 6
4
587 233 220
5 50
1 80 60 72 14
2 120 80 31 5
3 114 79 85 13
4 120 100 105 13
5 120 80 39 5
5
587 233 220
5 50
1 80 60 72 17
2 120 80 39 5
3 114 79 114 14
4 120 80 31 9
5 114 79 72 5
6
587 233 220
5 50
1 114 79 114 19
2 114 79 72 6
3 120 111 115 8
4 120 100 105 10
5 114 79 85 7
7
587 233 220
5 50
1 120 80 31 9
2 168 114 111 8
3 120 100 108 9
4 120 100 105 22
5 80 60 53 2
8
587 233 220
5 50
1 120 80 31 10
2 120 111 115 10
3 120 100 105 12
4 120 100 108 12
5 80 60 65 6
9
587 233 220
5 50
1 120 100 105 19
2 120 80 74 9
3 114 79 91 5
4 80 60 53 8
5 120 80 94 9
10
587 233 220
5 50
1 114 79 114 16
2 80 60 72 10
3 114 79 85 12
4 80 60 53 5
5 114 98 74 7
11
587 233 220
5 50
1 80 60 72 13
2 120 100 105 15
3 120 100 108 6
4 120 80 74 11
5 120 111 115 5
12
587 233 220
5 50
1 168 114 111 9
2 80 60 33 6
3 120 80 31 8
4 120 100 105 22
5 114 79 72 5
13
587 233 220
5 50
1 114 79 114 20
2 114 79 85 11
3 80 60 72 12
4 80 60 65 5
5 80 60 33 2
14
587 233 220
5 50
1 80 60 65 5
2 114 98 74 6
3 120 111 115 8
4 114 79 114 23
5 114 79 72 8
15
587 233 220
5 50
1 80 60 53 5
2 120 80 31 20
3 120 111 115 5
4 114 79 85 9
5 120 80 94 11
16
587 233 220
5 50
1 120 100 105 16
2 114 79 85 12
3 168 114 111 7
4 120 111 115 6
5 114 79 53 9
17
587 233 220
5 50
1 120 80 74 9
2 80 60 72 12
3 114 79 72 7
4 120 100 108 15
5 168 114 76 7
18
587 233 220
5 50
1 120 80 31 12
2 120 100 105 12
3 114 79 91 4
4 80 60 65 10
5 114 79 85 12
19
587 233 220
5 50
1 120 100 105 20
2 80 60 33 10
3 168 114 76 4
4 120 100 108 13
5 120 111 115 3
20
587 233 220
5 50
1 80 60 72 12
2 120 80 74 7
3 114 79 114 25
4 114 98 74 6
21
587 233 220
5 50
1 120 80 39 8
2 114 79 114 20
3 114 98 74 4
4 120 80 31 10
5 80 60 53 8
22
587 233 220
5 50
1 114 79 53 12
2 120 100 108 12
3 120 100 105 12
4 120 80 94 8
5 80 60 33 6
23
587 233 220
5 50
1 120 100 105 23
2 80 60 33 6
3 120 80 31 15
4 114 79 72 3
5 114 79 91 3
24
587 233 220
5 50
1 114 79 53 12
2 120 100 108 10
3 120 80 74 10
4 114 79 114 15
5 120 111 115 3
25
587 233 220
5 50
1 120 80 94 6
2 120 80 31 16
3 80 60 72 10
4 114 79 114 9
5 114 98 74 9
26
587 233 220
5 50
1 114 79 114 14
2 80 60 72 13
3 114 98 74 6
4 168 114 76 11
5 120 80 74 6
27
587 233 220
5 50
1 80 60 72 12
2 114 79 114 16
3 80 60 53 7
4 120 100 108 9
5 114 79 91 6
28
587 233 220
5 50
1 114 79 85 10
2 114 79 114 16
3 120 100 105 9
4 120 80 74 5
5 80 60 72 10
29
587 233 220
5 50
1 114 79 114 19
2 120 80 39 8
3 114 98 74 7
4 120 80 74 10
5 80 60 65 6
30
587 233 220
5 50
1 80 60 72 16
2 120 100 105 17
3 120 111 115 10
4 114 79 91 3
5 80 60 33 4
31
587 233 220
5 50
1 120 80 74 10
2 80 60 72 17
3 120 80 94 9
4 168 114 76 4
5 120 111 115 10
32
587 233 220
5 50
1 120 80 31 6
2 120 100 105 14
3 114 79 114 17
4 114 79 72 4
5 120 80 74 9
33
587 233 220
5 50
1 80 60 72 12
2 80 60 33 10
3 120 100 105 10
4 120 100 108 15
5 80 60 65 3
34
587 233 220
5 50
1 80 60 72 14
2 120 111 115 8
3 120 80 74 13
4 120 100 108 11
5 168 114 76 4
35
587 233 220
5 50
1 120 111 115 11
2 114 98 74 11
3 114 79 91 5
4 80 60 33 7
5 114 79 53 16
36
587 233 220
5 50
1 120 100 108 10
2 114 79 114 21
3 168 114 111 7
4 120 80 74 6
5 126 108 64 6
37
587 233 220
5 50
1 120 80 94 8
2 114 79 53 12
3 114 79 85 16
4 126 108 64 4
5 120 80 74 10
38
587 233 220
5 50
1 120 100 105 20
2 120 111 115 9
3 120 80 74 10
4 168 114 76 7
5 80 60 65 4
39
587 233 220
5 50
1 114 79 114 19
2 120 80 31 12
3 120 80 74 11
4 114 79 85 7
5 114 79 53 1
40
587 233 220
5 50
1 120 100 105 17
2 114 98 74 8
3 114 79 114 16
4 120 80 74 6
5 80 60 65 3
41
587 233 220
5 50
1 114 79 85 9
2 114 98 74 7
3 114 79 114 21
4 114 79 53 5
5 120 80 74 8
42
587 233 220
5 50
1 114 79 53 12
2 114 98 74 11
3 114 79 85 12
4 80 60 33 7
5 120 80 39 8
43
587 233 220
5 50
1 114 79 114 31
2 80 60 53 3
3 120 80 39 4
4 114 79 53 6
5 114 98 74 6
44
587 233 220
5 50
1 114 98 74 9
2 114 79 114 15
3 120 100 105 22
4 114 79 91 1
5 126 108 64 3
45
587 233 220
5 50
1 120 80 74 10
2 120 100 108 15
3 120 80 31 12
4 120 80 39 7
5 120 80 94 6
46
587 233 220
5 50
1 114 79 114 15
2 80 60 72 13
3 120 80 31 11
4 126 108 64 5
5 114 79 53 6
47
587 233 220
5 50
1 80 60 33 6
2 114 79 85 15
3 114 79 53 9
4 168 114 111 12
5 120 80 94 8
48
587 233 220
5 50
1 120 100 105 18
2 114 79 114 17
3 114 98 74 9
4 168 114 111 4
5 80 60 65 2
49
587 233 220
5 50
1 120 100 105 15
2 114 79 114 14
3 120 80 94 7
4 120 80 39 4
5 120 80 74 10
50
587 233 220
5 50
1 120 80 39 6
2 120 100 105 14
3 80 60 72 12
4 114 79 91 8
5 120 100 108 10
51
587 233 220
5 50
1 120 100 105 19
2 120 80 39 8
3 114 98 74 8
4 168 114 111 7
5 120 80 94 8
52
587 233 220
5 50
1 120 100 108 17
2 80 60 33 12
3 120 111 115 8
4 126 108 64 7
5 80 60 65 6
53
587 233 220
5 50
1 114 79 114 20
2 120 80 31 9
3 120 111 115 11
4 80 60 65 3
5 168 114 76 7
54
587 233 220
5 50
1 120 100 105 19
2 80 60 53 5
3 120 80 31 13
4 168 114 111 10
5 120 80 94 3
55
587 233 220
5 50
1 80 60 65 7
2 168 114 76 7
3 114 79 114 21
4 114 79 53 4
5 120 80 39 11
56
587 233 220
5 50
1 80 60 65 11
2 120 100 108 19
3 114 79 85 9
4 114 79 91 4
5 120 80 31 7
57
587 233 220
5 50
1 80 60 72 10
2 114 79 114 18
3 120 100 105 11
4 120 80 31 8
5 80 60 53 3
58
587 233 220
5 50
1 114 79 114 12
2 120 100 105 15
3 120 80 94 9
4 114 79 85 9
5 80 60 72 5
59
587 233 220
5 50
1 80 60 72 18
2 114 79 85 12
3 120 80 94 7
4 120 111 115 6
5 120 80 39 7
60
587 233 220
5 50
1 120 80 39 11
2 80 60 33 5
3 120 100 105 13
4 120 80 31 12
5 114 98 74 9
61
587 233 220
5 50
1 120 100 105 22
2 80 60 72 11
3 120 80 94 9
4 120 80 31 5
5 126 108 64 3
62
587 233 220
5 50
1 120 100 108 14
2 120 80 31 8
3 114 79 114 11
4 120 111 115 10
5 114 79 72 7
63
587 233 220
5 50
1 80 60 33 8
2 114 98 74 13
3 168 114 76 12
4 114 79 85 11
5 114 79 72 6
64
587 233 220
5 50
1 126 108 64 2
2 120 111 115 6
3 80 60 72 14
4 120 80 94 6
5 114 79 114 22
65
587 233 220
5 50
1 120 80 94 9
2 80 60 33 7
3 120 100 108 19
4 120 80 74 9
5 80 60 65 6
66
587 233 220
5 50
1 168 114 76 6
2 120 80 39 12
3 80 60 33 8
4 114 98 74 17
5 120 111 115 7
67
587 233 220
5 50
1 168 114 76 7
2 114 98 74 11
3 114 79 53 12
4 168 114 111 11
5 120 111 115 9
68
587 233 220
5 50
1 120 100 105 16
2 120 111 115 10
3 120 80 94 8
4 114 79 114 11
5 168 114 111 5
69
587 233 220
5 50
1 120 80 39 7
2 120 80 74 9
3 120 100 108 13
4 114 79 85 11
5 114 79 53 10
70
587 233 220
5 50
1 114 79 85 12
2 80 60 33 12
3 168 114 76 9
4 114 79 91 7
5 120 111 115 10
71
587 233 220
5 50
1 114 79 114 14
2 120 111 115 6
3 120 80 74 10
4 120 100 105 14
5 168 114 76 6
72
587 233 220
5 50
1 120 111 115 9
2 120 80 31 9
3 120 100 105 18
4 114 98 74 12
5 168 114 76 2
73
587 233 220
5 50
1 120 100 105 12
2 120 80 94 12
3 120 100 108 15
4 114 98 74 6
5 168 114 76 5
74
587 233 220
5 50
1 168 114 76 5
2 120 100 105 12
3 126 108 64 10
4 114 79 114 11
5 80 60 72 12
75
587 233 220
5 50
1 120 80 74 12
2 120 111 115 6
3 120 100 108 12
4 80 60 72 17
5 80 60 53 3
76
587 233 220
5 50
1 114 79 114 12
2 120 100 105 14
3 168 114 111 10
4 120 80 74 5
5 114 79 85 9
77
587 233 220
5 50
1 120 80 74 15
2 168 114 76 11
3 80 60 33 10
4 114 79 91 9
5 80 60 53 5
78
587 233 220
5 50
1 80 60 53 11
2 114 79 53 13
3 114 79 91 6
4 126 108 64 9
5 80 60 72 11
79
587 233 220
5 50
1 120 80 31 10
2 114 79 114 16
3 168 114 76 5
4 114 98 74 10
5 80 60 72 9
80
587 233 220
5 50
1 120 80 94 4
2 114 79 114 23
3 120 80 39 6
4 80 60 33 6
5 120 80 31 11
81
587 233 220
5 50
1 120 100 108 20
2 120 80 39 8
3 120 100 105 18
4 114 79 91 1
5 120 80 74 3
82
587 233 220
5 50
1 120 80 94 7
2 168 114 111 10
3 80 60 33 11
4 80 60 72 13
5 114 98 74 9
83
587 233 220
5 50
1 114 79 53 12
2 168 114 76 11
3 120 80 94 11
4 114 79 91 8
5 114 79 85 8
84
587 233 220
5 50
1 120 80 31 9
2 114 79 114 22
3 80 60 72 10
4 80 60 65 4
5 114 79 72 5
85
587 233 220
5 50
1 120 80 31 12
2 80 60 53 4
3 114 79 114 17
4 114 79 85 11
5 120 111 115 6
86
587 233 220
5 50
1 120 111 115 9
2 120 100 108 18
3 120 80 39 5
4 114 79 114 14
5 80 60 33 4
87
587 233 220
5 50
1 114 79 114 13
2 120 111 115 3
3 114 79 85 13
4 80 60 72 12
5 120 100 105 9
88
587 233 220
5 50
1 120 80 74 15
2 114 79 85 10
3 120 80 94 6
4 120 80 31 7
5 114 98 74 12
89
587 233 220
5 50
1 80 60 72 17
2 120 111 115 11
3 120 80 31 11
4 80 60 65 6
5 120 80 39 5
90
587 233 220
5 50
1 168 114 111 11
2 126 108 64 6
3 114 98 74 6
4 120 100 105 15
5 120 111 115 12
91
587 233 220
5 50
1 114 79 114 10
2 120 111 115 7
3 120 80 94 6
4 114 79 85 13
5 80 60 72 14
92
587 233 220
5 50
1 120 100 105 11
2 120 80 39 6
3 114 79 91 4
4 114 79 114 18
5 120 80 31 11
93
587 233 220
5 50
1 168 114 76 4
2 114 79 114 13
3 80 60 72 14
4 120 100 105 14
5 120 80 94 5
94
587 233 220
5 50
1 120 111 115 18
2 126 108 64 4
3 168 114 111 11
4 114 79 85 10
5 114 79 72 7
95
587 233 220
5 50
1 168 114 111 6
2 120 100 105 8
3 114 79 114 15
4 80 60 72 10
5 114 79 53 11
96
587 233 220
5 50
1 120 111 115 12
2 80 60 72 5
3 120 100 105 17
4 120 80 31 11
5 168 114 111 5
97
587 233 220
5 50
1 80 60 53 3
2 120 80 31 16
3 114 79 114 14
4 80 60 72 11
5 114 79 85 6
98
587 233 220
5 50
1 120 80 74 7
2 114 79 114 15
3 120 111 115 8
4 168 114 111 9
5 114 98 74 11
99
587 233 220
5 50
1 120 80 31 14
2 114 79 85 11
3 114 79 114 12
4 80 60 65 8
5 114 79 53 5
100
587 233 220
5 50
1 120 80 31 15
2 114 79 53 10
3 168 114 76 11
4 168 114 111 7
5 80 60 53 7