100
1
587 233 220
8 200
1 120 100 105 43
2 120 100 108 20
3 120 80 74 21
4 114 79 114 40
5 114 79 85 21
6 80 60 72 25
7 114 79 53 19
8 120 80 39 11
2
587 233 220
8 200
1 80 60 72 30
2 114 79 114 58
3 114 79 72 14
4 114 79 85 29
5 120 111 115 19
6 114 98 74 17
7 114 79 53 19
8 126 108 64 14
3
587 233 220
8 200
1 120 111 115 23
2 80 60 72 41
3 114 79 114 38
4 120 100 108 24
5 120 80 39 12
6 120 80 31 29
7 114 79 85 19
8 80 60 65 14
4
587 233 220
8 200
1 120 80 31 34
2 114 79 91 10
3 114 79 85 31
4 120 100 105 39
5 80 60 72 37
6 80 60 53 14
7 80 60 65 16
8 168 114 76 19
5
587 233 220
8 200
1 120 100 105 48
2 114 98 74 15
3 120 100 108 27
4 168 114 76 20
5 80 60 65 13
6 120 80 31 30
7 114 79 114 36
8 126 108 64 11
6
587 233 220
8 200
1 120 100 105 47
2 120 80 74 31
3 80 60 72 41
4 120 100 108 22
5 114 98 74 21
6 168 114 76 11
7 80 60 65 13
8 120 80 39 14
7
587 233 220
8 200
1 120 80 74 19
2 114 79 91 13
3 114 79 114 47
4 120 100 108 23
5 120 100 105 37
6 114 79 53 12
7 120 111 115 27
8 114 79 85 22
8
587 233 220
8 200
1 120 111 115 29
2 120 80 31 44
3 114 98 74 31
4 114 79 85 31
5 114 79 53 20
6 120 80 39 21
7 114 79 72 11
8 80 60 53 13
9
587 233 220
8 200
1 114 79 53 24
2 120 100 105 38
3 120 80 31 27
4 120 80 74 18
5 114 79 114 49
6 120 100 108 28
7 126 108 64 7
8 114 79 72 9
10
587 233 220
8 200
1 114 79 114 52
2 168 114 111 15
3 80 60 53 18
4 120 100 105 39
5 114 79 85 26
6 114 79 91 4
7 120 80 31 28
8 120 111 115 18
11
587 233 220
8 200
1 114 79 85 18
2 114 79 53 22
3 120 111 115 21
4 120 100 108 33
5 80 60 72 33
6 120 80 74 26
7 120 80 31 27
8 168 114 76 20
12
587 233 220
8 200
1 114 79 53 20
2 114 79 114 39
3 126 108 64 12
4 120 111 115 9
5 80 60 65 16
6 120 80 31 35
7 120 100 105 46
8 114 98 74 23
13
587 233 220
8 200
1 80 60 53 10
2 80 60 72 41
3 120 80 94 26
4 114 79 85 30
5 114 79 53 20
6 114 79 114 37
7 120 80 31 25
8 80 60 65 11
14
587 233 220
8 200
1 114 98 74 32
2 120 80 39 21
3 168 114 111 21
4 80 60 72 31
5 120 100 105 38
6 126 108 64 11
7 120 111 115 33
8 168 114 76 13
15
587 233 220
8 200
1 120 80 74 20
2 114 98 74 20
3 120 100 105 42
4 114 79 53 10
5 120 100 108 38
6 114 79 72 14
7 120 80 94 23
8 120 80 31 33
16
587 233 220
8 200
1 120 100 108 35
2 120 80 74 26
3 114 79 91 12
4 120 80 31 41
5 120 80 94 14
6 168 114 111 18
7 80 60 72 32
8 80 60 33 22
17
587 233 220
8 200
1 114 79 114 48
2 120 100 108 25
3 168 114 111 20
4 80 60 72 32
5 80 60 53 17
6 120 100 105 29
7 120 80 39 7
8 120 80 94 22
18
587 233 220
8 200
1 120 80 74 32
2 114 79 114 42
3 80 60 72 31
4 114 79 91 16
5 120 111 115 14
6 120 100 105 32
7 114 98 74 25
8 80 60 53 8
19
587 233 220
8 200
1 80 60 65 17
2 168 114 111 16
3 120 111 115 16
4 120 80 94 19
5 114 79 85 25
6 114 79 114 43
7 120 100 105 45
8 120 80 39 19
20
587 233 220
8 200
1 120 100 105 42
2 120 80 39 18
3 80 60 72 25
4 120 80 74 30
5 120 111 115 23
6 80 60 33 15
7 114 79 85 30
8 114 79 53 17
21
587 233 220
8 200
1 120 80 94 25
2 120 80 39 17
3 120 100 105 45
4 120 80 31 25
5 80 60 53 9
6 114 79 53 21
7 80 60 65 15
8 120 100 108 43
22
587 233 220
8 200
1 120 80 31 30
2 114 79 114 56
3 80 60 53 14
4 120 100 105 44
5 120 80 94 19
6 168 114 76 16
7 80 60 33 14
8 126 108 64 7
23
587 233 220
8 200
1 114 79 85 17
2 120 100 108 22
3 114 98 74 16
4 120 100 105 35
5 114 79 114 37
6 114 79 91 15
7 120 80 39 22
8 80 60 72 36
24
587 233 220
8 200
1 120 100 105 43
2 114 79 53 23
3 114 98 74 19
4 114 79 114 39
5 120 111 115 11
6 168 114 76 14
7 120 80 94 17
8 120 100 108 34
25
587 233 220
8 200
1 120 100 108 29
2 168 114 76 11
3 114 79 114 50
4 126 108 64 13
5 120 80 31 31
6 114 79 72 18
7 114 79 85 27
8 120 111 115 21
26
587 233 220
8 200
1 114 79 85 23
2 114 79 114 44
3 114 98 74 27
4 120 80 31 32
5 120 80 39 24
6 114 79 53 17
7 120 111 115 16
8 80 60 65 17
27
587 233 220
8 200
1 120 100 105 48
2 168 114 111 13
3 114 98 74 25
4 120 80 74 21
5 120 80 31 28
6 120 80 39 23
7 120 111 115 20
8 114 79 85 22
28
587 233 220
8 200
1 80 60 33 12
2 120 100 108 31
3 120 80 74 36
4 120 80 31 40
5 80 60 72 37
6 114 79 53 19
7 114 79 72 12
8 80 60 53 13
29
587 233 220
8 200
1 80 60 72 30
2 114 79 91 16
3 126 108 64 10
4 114 79 85 31
5 114 98 74 17
6 168 114 111 10
7 120 100 105 51
8 120 100 108 35
30
587 233 220
8 200
1 114 79 114 47
2 120 100 108 27
3 80 60 72 35
4 114 79 53 19
5 114 98 74 17
6 120 111 115 18
7 114 79 72 18
8 114 79 85 19
31
587 233 220
8 200
1 114 79 114 42
2 80 60 65 14
3 168 114 111 25
4 114 79 85 18
5 80 60 72 34
6 120 80 31 26
7 120 80 94 21
8 120 111 115 20
32
587 233 220
8 200
1 80 60 72 40
2 168 114 111 26
3 114 79 53 20
4 120 80 39 23
5 120 100 105 50
6 120 80 74 21
7 114 79 91 11
8 126 108 64 9
33
587 233 220
8 200
1 120 80 74 26
2 80 60 72 27
3 114 98 74 26
4 120 80 31 33
5 114 79 114 35
6 120 80 39 14
7 114 79 91 6
8 120 100 105 33
34
587 233 220
8 200
1 120 100 105 36
2 120 80 31 39
3 120 80 39 26
4 114 79 91 13
5 120 80 74 28
6 80 60 33 19
7 120 80 94 23
8 114 79 72 16
35
587 233 220
8 200
1 120 80 74 31
2 120 100 105 38
3 120 100 108 33
4 114 79 53 17
5 120 80 31 26
6 120 111 115 19
7 80 60 72 25
8 168 114 111 11
36
587 233 220
8 200
1 114 79 114 49
2 120 80 39 17
3 114 98 74 19
4 120 100 105 32
5 80 60 72 33
6 120 100 108 19
7 120 111 115 19
8 168 114 111 12
37
587 233 220
8 200
1 120 111 115 20
2 114 79 114 38
3 120 80 74 23
4 168 114 76 16
5 80 60 53 9
6 168 114 111 22
7 120 100 105 50
8 120 80 94 22
38
587 233 220
8 200
1 120 100 108 26
2 120 111 115 18
3 114 79 114 33
4 120 80 74 21
5 120 80 31 27
6 120 80 39 19
7 120 100 105 33
8 114 79 53 23
39
587 233 220
8 200
1 120 100 105 37
2 120 100 108 32
3 114 79 114 43
4 120 80 39 17
5 120 111 115 18
6 80 60 72 24
7 120 80 94 20
8 80 60 53 9
40
587 233 220
8 200
1 114 79 114 43
2 120 80 39 21
3 120 80 31 36
4 114 79 53 16
5 80 60 65 17
6 120 111 115 26
7 120 100 108 22
8 114 98 74 19
41
587 233 220
8 200
1 120 80 74 37
2 114 79 53 16
3 114 79 114 48
4 120 80 39 14
5 126 108 64 16
6 120 80 94 19
7 80 60 72 35
8 114 98 74 15
42
587 233 220
8 200
1 120 80 74 35
2 114 79 114 36
3 120 80 94 19
4 114 79 53 18
5 114 79 85 23
6 120 100 108 28
7 120 80 31 26
8 114 79 91 15
43
587 233 220
8 200
1 114 98 74 20
2 80 60 72 43
3 120 100 108 25
4 120 80 31 33
5 114 79 91 14
6 114 79 72 16
7 120 100 105 38
8 168 114 76 11
44
587 233 220
8 200
1 114 79 114 42
2 120 111 115 22
3 168 114 111 19
4 114 79 53 19
5 120 80 31 36
6 114 79 85 31
7 114 98 74 17
8 80 60 65 14
45
587 233 220
8 200
1 114 79 114 52
2 120 100 105 43
3 114 79 72 16
4 120 111 115 17
5 120 80 94 18
6 80 60 72 28
7 120 80 74 18
8 80 60 33 8
46
587 233 220
8 200
1 120 100 108 30
2 114 79 85 23
3 120 80 74 17
4 80 60 72 35
5 120 80 31 38
6 120 100 105 32
7 114 98 74 15
8 80 60 53 10
47
587 233 220
8 200
1 120 111 115 26
2 114 79 114 39
3 168 114 76 14
4 120 80 94 19
5 120 100 108 24
6 114 98 74 18
7 114 79 85 21
8 120 100 105 39
48
587 233 220
8 200
1 120 100 108 31
2 80 60 72 40
3 120 100 105 43
4 80 60 53 22
5 120 80 31 28
6 168 114 76 13
7 114 79 72 12
8 114 79 91 11
49
587 233 220
8 200
1 120 80 74 25
2 168 114 111 19
3 120 100 105 37
4 114 79 114 53
5 120 80 39 20
6 80 60 53 11
7 114 79 85 21
8 120 111 115 14
50
587 233 220
8 200
1 120 100 108 28
2 80 60 72 35
3 120 80 74 24
4 80 60 65 14
5 120 80 94 21
6 120 100 105 35
7 126 108 64 7
8 114 79 114 36
51
587 233 220
8 200
1 80 60 72 27
2 120 80 39 18
3 120 100 105 45
4 120 80 31 24
5 114 79 53 17
6 80 60 33 15
7 114 79 114 41
8 80 60 53 13
52
587 233 220
8 200
1 120 80 74 25
2 114 79 114 40
3 80 60 53 11
4 120 100 105 39
5 120 100 108 23
6 114 79 53 17
7 80 60 72 39
8 126 108 64 6
53
587 233 220
8 200
1 168 114 111 19
2 120 100 105 37
3 120 80 39 18
4 114 79 114 48
5 114 98 74 17
6 80 60 65 10
7 120 100 108 27
8 114 79 53 24
54
587 233 220
8 200
1 120 80 74 25
2 120 111 115 19
3 120 100 105 51
4 120 80 39 18
5 126 108 64 12
6 114 98 74 20
7 80 60 72 22
8 114 79 114 33
55
587 233 220
8 200
1 114 79 91 12
2 120 100 108 36
3 114 98 74 24
4 80 60 72 43
5 80 60 33 12
6 168 114 76 14
7 120 100 105 44
8 120 80 39 15
56
587 233 220
8 200
1 120 80 31 37
2 114 79 72 16
3 120 100 105 48
4 80 60 65 14
5 120 100 108 36
6 120 80 94 23
7 80 60 53 17
8 80 60 33 9
57
587 233 220
8 200
1 168 114 111 21
2 120 80 94 13
3 120 80 31 29
4 120 100 105 32
5 114 79 114 39
6 80 60 72 31
7 120 80 74 19
8 114 79 53 16
58
587 233 220
8 200
1 120 80 31 29
2 120 100 105 41
3 120 80 74 25
4 114 79 114 51
5 120 100 108 24
6 168 114 76 8
7 120 111 115 14
8 114 79 72 8
59
587 233 220
8 200
1 120 80 74 20
2 80 60 72 36
3 120 100 105 45
4 168 114 111 16
5 114 79 91 8
6 120 100 108 26
7 114 79 85 31
8 120 111 115 18
60
587 233 220
8 200
1 120 100 108 25
2 120 80 94 20
3 80 60 72 28
4 114 79 114 40
5 80 60 33 13
6 120 80 39 19
7 120 100 105 32
8 114 98 74 23
61
587 233 220
8 200
1 114 79 114 52
2 120 80 74 32
3 168 114 111 18
4 80 60 53 13
5 120 80 94 20
6 114 79 53 24
7 120 80 31 28
8 126 108 64 13
62
587 233 220
8 200
1 80 60 72 30
2 80 60 53 19
3 114 79 53 18
4 114 79 114 46
5 168 114 111 8
6 114 98 74 22
7 120 80 74 24
8 120 100 108 33
63
587 233 220
8 200
1 114 79 53 28
2 120 100 105 54
3 80 60 53 20
4 114 79 85 25
5 120 111 115 26
6 168 114 111 27
7 126 108 64 8
8 114 79 72 12
64
587 233 220
8 200
1 114 79 114 44
2 80 60 33 11
3 120 80 39 25
4 120 100 108 23
5 120 80 94 21
6 168 114 76 13
7 120 100 105 38
8 80 60 72 25
65
587 233 220
8 200
1 80 60 72 39
2 120 100 108 29
3 120 111 115 21
4 126 108 64 14
5 120 80 74 23
6 80 60 53 21
7 114 79 85 42
8 80 60 65 11
66
587 233 220
8 200
1 120 100 105 55
2 80 60 33 17
3 114 98 74 31
4 114 79 85 37
5 114 79 53 25
6 126 108 64 9
7 114 79 91 8
8 168 114 76 18
67
587 233 220
8 200
1 120 100 108 33
2 114 79 72 14
3 114 79 114 45
4 120 80 74 24
5 120 111 115 30
6 120 80 31 30
7 168 114 76 15
8 80 60 53 9
68
587 233 220
8 200
1 114 79 114 58
2 120 100 105 49
3 114 98 74 24
4 120 80 39 19
5 168 114 111 25
6 126 108 64 3
7 80 60 53 9
8 120 111 115 13
69
587 233 220
8 200
1 114 79 114 47
2 114 79 53 26
3 120 100 108 32
4 80 60 53 20
5 80 60 65 11
6 114 79 85 23
7 114 79 91 22
8 120 111 115 19
70
587 233 220
8 200
1 120 100 108 34
2 114 79 91 12
3 114 79 114 41
4 120 100 105 30
5 114 98 74 25
6 80 60 53 16
7 114 79 53 22
8 114 79 85 20
71
587 233 220
8 200
1 120 80 39 18
2 114 79 114 53
3 120 80 94 18
4 80 60 33 15
5 120 100 105 39
6 114 98 74 20
7 114 79 53 17
8 168 114 111 20
72
587 233 220
8 200
1 114 98 74 22
2 114 79 114 56
3 120 100 105 34
4 80 60 33 18
5 120 80 31 22
6 80 60 65 11
7 120 111 115 17
8 114 79 85 20
73
587 233 220
8 200
1 168 114 76 12
2 120 100 105 34
3 114 79 85 26
4 80 60 72 24
5 120 80 74 27
6 114 79 114 37
7 114 79 72 11
8 120 100 108 29
74
587 233 220
8 200
1 120 100 105 45
2 114 79 91 20
3 80 60 65 11
4 120 80 39 26
5 120 80 94 21
6 120 80 74 37
7 120 111 115 22
8 114 79 72 18
75
587 233 220
8 200
1 120 111 115 15
2 114 79 114 55
3 120 80 94 17
4 114 79 85 20
5 126 108 64 7
6 120 100 105 47
7 120 80 39 22
8 168 114 111 17
76
587 233 220
8 200
1 114 79 85 22
2 120 100 105 33
3 120 100 108 30
4 120 80 94 19
5 114 79 114 48
6 114 79 72 10
7 168 114 76 20
8 120 111 115 18
77
587 233 220
8 200
1 120 100 105 39
2 80 60 72 41
3 120 80 39 22
4 168 114 111 15
5 120 100 108 29
6 80 60 33 17
7 120 80 94 18
8 114 79 72 19
78
587 233 220
8 200
1 80 60 53 19
2 168 114 76 19
3 114 79 53 32
4 80 60 72 32
5 120 111 115 23
6 120 80 31 28
7 120 80 74 34
8 80 60 65 13
79
587 233 220
8 200
1 80 60 72 34
2 120 100 108 33
3 114 98 74 20
4 120 111 115 25
5 120 80 74 23
6 120 80 31 28
7 80 60 33 14
8 120 80 39 23
80
587 233 220
8 200
1 114 79 114 49
2 114 79 85 23
3 114 98 74 25
4 80 60 72 43
5 120 80 31 27
6 120 111 115 14
7 168 114 76 12
8 126 108 64 7
81
587 233 220
8 200
1 120 100 105 40
2 120 80 39 9
3 80 60 72 24
4 120 100 108 27
5 114 79 114 34
6 120 80 74 21
7 114 98 74 20
8 120 80 31 25
82
587 233 220
8 200
1 114 79 114 48
2 80 60 53 10
3 114 79 53 17
4 120 80 39 19
5 120 100 105 41
6 120 80 74 35
7 114 79 85 18
8 80 60 33 12
83
587 233 220
8 200
1 168 114 76 19
2 80 60 65 18
3 114 79 53 20
4 80 60 72 45
5 120 80 74 28
6 114 79 85 22
7 120 100 108 32
8 126 108 64 16
84
587 233 220
8 200
1 114 79 114 65
2 120 100 108 23
3 120 111 115 21
4 168 114 111 15
5 120 80 39 24
6 114 79 85 28
7 114 79 91 9
8 80 60 33 15
85
587 233 220
8 200
1 120 111 115 24
2 114 79 114 45
3 80 60 72 33
4 114 79 53 18
5 80 60 65 14
6 168 114 76 19
7 120 80 74 24
8 114 79 85 23
86
587 233 220
8 200
1 80 60 72 32
2 120 80 94 23
3 120 80 39 17
4 114 98 74 20
5 168 114 111 22
6 120 100 108 33
7 168 114 76 20
8 114 79 114 33
87
587 233 220
8 200
1 120 100 105 33
2 120 100 108 29
3 114 79 91 12
4 80 60 72 23
5 114 98 74 9
6 126 108 64 9
7 114 79 114 50
8 120 80 31 35
88
587 233 220
8 200
1 120 100 105 39
2 126 108 64 14
3 114 79 114 44
4 114 98 74 20
5 80 60 33 15
6 80 60 72 32
7 120 80 74 21
8 120 111 115 15
89
587 233 220
8 200
1 120 80 74 24
2 120 111 115 17
3 114 79 114 53
4 120 100 108 32
5 80 60 72 40
6 120 80 94 12
7 80 60 53 15
8 80 60 33 7
90
587 233 220
8 200
1 114 79 114 50
2 120 80 94 22
3 114 79 91 13
4 120 100 105 39
5 120 111 115 17
6 120 100 108 25
7 120 80 39 14
8 168 114 111 20
91
587 233 220
8 200
1 120 80 39 20
2 114 79 53 19
3 114 79 114 41
4 120 100 105 42
5 80 60 53 13
6 126 108 64 7
7 120 100 108 30
8 120 80 74 28
92
587 233 220
8 200
1 120 80 39 30
2 80 60 33 17
3 114 98 74 24
4 80 60 72 39
5 120 111 115 23
6 168 114 76 20
7 120 80 74 29
8 80 60 53 18
93
587 233 220
8 200
1 120 100 105 51
2 120 111 115 24
3 114 79 53 28
4 114 98 74 23
5 80 60 33 16
6 80 60 53 18
7 114 79 72 10
8 120 80 94 30
94
587 233 220
8 200
1 120 80 31 41
2 114 79 85 26
3 114 79 114 46
4 120 100 108 21
5 120 111 115 22
6 114 79 53 17
7 126 108 64 12
8 120 80 74 15
95
587 233 220
8 200
1 120 100 105 55
2 114 79 53 27
3 168 114 76 16
4 80 60 33 17
5 80 60 65 13
6 120 100 108 36
7 114 79 72 15
8 114 98 74 21
96
587 233 220
8 200
1 168 114 76 13
2 120 100 105 48
3 114 79 114 47
4 80 60 33 12
5 168 114 111 20
6 120 80 31 38
7 126 108 64 9
8 114 79 72 13
97
587 233 220
8 200
1 80 60 72 29
2 120 100 105 33
3 114 79 114 59
4 120 100 108 30
5 80 60 53 15
6 126 108 64 10
7 114 79 53 10
8 114 98 74 14
98
587 233 220
8 200
1 120 80 94 28
2 120 80 74 20
3 80 60 72 20
4 114 79 114 44
5 120 100 105 38
6 114 79 91 14
7 120 111 115 18
8 168 114 111 18
99
587 233 220
8 200
1 120 100 105 39
2 120 80 39 20
3 120 80 74 22
4 114 79 85 28
5 126 108 64 15
6 120 80 94 17
7 80 60 72 41
8 114 79 91 18
100
587 233 220
8 200
1 120 80 39 19
2 114 79 114 44
3 120 100 105 41
4 120 80 74 29
5 120 111 115 22
6 80 60 53 8
7 120 80 94 22
8 114 79 72 15
