100
1
587 233 220
8 100
1 80 60 65 5
2 120 111 115 12
3 114 79 114 17
4 120 80 31 13
5 120 100 108 22
6 114 79 72 7
7 120 80 74 12
8 114 79 53 12
2
587 233 220
8 100
1 120 80 31 16
2 114 79 53 9
3 120 100 108 10
4 120 100 105 14
5 114 79 114 23
6 114 98 74 8
7 80 60 72 16
8 126 108 64 4
3
587 233 220
8 100
1 114 98 74 14
2 80 60 72 24
3 114 79 114 21
4 168 114 111 11
5 120 80 39 11
6 80 60 65 10
7 114 79 72 3
8 114 79 91 6
4
587 233 220
8 100
1 80 60 72 21
2 120 80 31 13
3 114 79 114 15
4 120 100 105 18
5 120 111 115 6
6 120 100 108 10
7 120 80 74 10
8 120 80 39 7
5
587 233 220
8 100
1 120 80 31 16
2 120 100 105 17
3 114 79 114 21
4 114 98 74 8
5 120 80 74 14
6 80 60 53 7
7 120 80 94 11
8 126 108 64 6
6
587 233 220
8 100
1 114 79 53 9
2 120 80 74 15
3 120 80 31 13
4 114 98 74 10
5 114 79 72 11
6 80 60 72 24
7 120 100 108 15
8 126 108 64 3
7
587 233 220
8 100
1 80 60 65 8
2 80 60 72 19
3 168 114 111 7
4 120 100 105 29
5 114 98 74 12
6 114 79 72 7
7 126 108 64 11
8 120 80 39 7
8
587 233 220
8 100
1 120 100 105 19
2 168 114 111 11
3 120 111 115 9
4 114 79 114 14
5 120 80 31 13
6 120 80 39 8
7 120 100 108 19
8 114 79 53 7
9
587 233 220
8 100
1 80 60 53 4
2 114 98 74 15
3 80 60 72 14
4 120 100 105 17
5 114 79 114 20
6 168 114 111 8
7 114 79 53 10
8 120 80 31 12
10
587 233 220
8 100
1 120 80 31 16
2 114 79 114 18
3 120 111 115 9
4 120 100 105 23
5 114 79 91 5
6 120 80 74 11
7 120 80 94 11
8 120 80 39 7
11
587 233 220
8 100
1 120 111 115 11
2 126 108 64 7
3 80 60 72 20
4 120 80 74 14
5 114 79 114 33
6 114 79 53 5
7 168 114 111 3
8 114 79 72 7
12
587 233 220
8 100
1 120 80 74 12
2 114 79 114 27
3 114 79 85 7
4 120 100 105 22
5 114 79 91 9
6 80 60 53 8
7 120 80 31 8
8 114 98 74 7
13
587 233 220
8 100
1 114 79 85 11
2 120 80 74 16
3 120 80 31 10
4 120 111 115 16
5 114 79 114 29
6 120 100 108 10
7 80 60 53 6
8 114 79 91 2
14
587 233 220
8 100
1 114 98 74 12
2 126 108 64 10
3 120 111 115 10
4 120 80 74 14
5 120 100 105 21
6 120 80 39 10
7 168 114 76 6
8 80 60 72 17
15
587 233 220
8 100
1 120 80 31 18
2 114 79 114 27
3 114 79 85 12
4 80 60 72 21
5 114 79 72 4
6 120 111 115 7
7 120 80 39 5
8 168 114 111 6
16
587 233 220
8 100
1 120 80 74 12
2 114 98 74 13
3 120 80 94 10
4 80 60 72 16
5 120 100 105 20
6 80 60 65 7
7 120 100 108 14
8 120 80 31 8
17
587 233 220
8 100
1 80 60 72 20
2 120 111 115 16
3 114 79 72 9
4 120 100 105 21
5 120 100 108 11
6 80 60 65 9
7 80 60 33 8
8 120 80 94 6
18
587 233 220
8 100
1 120 100 105 20
2 114 79 114 24
3 80 60 72 13
4 120 80 31 8
5 168 114 111 7
6 120 100 108 17
7 168 114 76 2
8 120 80 94 9
19
587 233 220
8 100
1 114 79 114 30
2 120 80 39 8
3 80 60 53 7
4 120 100 105 15
5 114 79 72 9
6 80 60 65 6
7 80 60 72 16
8 114 79 85 9
20
587 233 220
8 100
1 80 60 72 15
2 120 100 105 19
3 120 80 94 8
4 114 79 114 21
5 120 80 74 16
6 120 80 39 3
7 120 111 115 11
8 120 80 31 7
21
587 233 220
8 100
1 120 100 105 17
2 80 60 72 24
3 120 111 115 12
4 120 80 94 6
5 120 100 108 9
6 126 108 64 9
7 114 79 85 14
8 80 60 53 9
22
587 233 220
8 100
1 120 80 74 10
2 120 80 94 15
3 120 100 105 22
4 120 100 108 17
5 114 79 85 13
6 80 60 33 6
7 168 114 76 9
8 80 60 65 8
23
587 233 220
8 100
1 114 79 114 19
2 120 80 31 12
3 120 80 94 10
4 120 100 105 20
5 80 60 72 14
6 120 100 108 13
7 114 79 85 5
8 114 79 91 7
24
587 233 220
8 100
1 114 79 114 21
2 120 80 74 14
3 80 60 53 7
4 120 80 31 12
5 80 60 72 22
6 120 100 108 7
7 80 60 65 4
8 114 98 74 13
25
587 233 220
8 100
1 120 111 115 8
2 80 60 72 17
3 120 100 105 14
4 120 100 108 18
5 114 79 85 18
6 126 108 64 7
7 120 80 39 9
8 168 114 111 9
26
587 233 220
8 100
1 120 111 115 15
2 120 80 94 13
3 114 79 114 25
4 114 79 85 13
5 126 108 64 7
6 114 79 53 11
7 114 98 74 5
8 168 114 111 11
27
587 233 220
8 100
1 120 80 39 8
2 120 100 105 21
3 168 114 111 9
4 114 79 114 22
5 114 98 74 8
6 114 79 85 8
7 80 60 72 14
8 120 80 31 10
28
587 233 220
8 100
1 120 80 39 11
2 120 80 74 10
3 80 60 72 25
4 120 100 105 17
5 126 108 64 6
6 120 100 108 18
7 168 114 76 7
8 120 111 115 6
29
587 233 220
8 100
1 120 80 74 11
2 114 79 114 21
3 114 79 85 12
4 114 79 72 10
5 120 80 31 21
6 120 100 108 15
7 80 60 65 7
8 168 114 76 3
30
587 233 220
8 100
1 80 60 72 20
2 80 60 33 9
3 114 79 114 19
4 120 80 74 16
5 114 98 74 13
6 114 79 53 11
7 168 114 111 5
8 114 79 85 7
31
587 233 220
8 100
1 120 80 94 9
2 114 79 72 10
3 120 80 39 14
4 120 100 108 15
5 168 114 111 13
6 168 114 76 7
7 120 100 105 21
8 114 79 53 11
32
587 233 220
8 100
1 80 60 72 16
2 114 79 53 6
3 114 79 85 15
4 114 79 114 23
5 114 98 74 9
6 120 80 31 15
7 120 80 74 6
8 80 60 33 10
33
587 233 220
8 100
1 80 60 72 22
2 120 100 108 12
3 168 114 76 9
4 120 111 115 16
5 120 80 94 13
6 168 114 111 4
7 114 98 74 13
8 114 79 72 11
34
587 233 220
8 100
1 80 60 72 17
2 114 79 114 18
3 120 80 39 10
4 120 100 105 15
5 114 98 74 10
6 114 79 85 7
7 120 100 108 15
8 120 80 94 8
35
587 233 220
8 100
1 120 100 105 17
2 120 100 108 10
3 120 111 115 15
4 114 79 53 6
5 114 79 85 18
6 120 80 39 11
7 120 80 31 14
8 114 79 72 9
36
587 233 220
8 100
1 120 80 94 14
2 120 80 74 20
3 120 111 115 13
4 114 98 74 18
5 114 79 91 8
6 120 80 39 6
7 114 79 72 9
8 168 114 76 12
37
587 233 220
8 100
1 80 60 72 16
2 120 80 31 22
3 168 114 76 9
4 114 79 91 6
5 120 111 115 13
6 120 100 108 23
7 114 79 53 3
8 120 80 39 8
38
587 233 220
8 100
1 120 80 39 6
2 114 79 91 5
3 114 79 114 26
4 168 114 76 10
5 120 100 108 14
6 80 60 72 16
7 120 80 31 16
8 114 79 72 7
39
587 233 220
8 100
1 114 79 114 23
2 80 60 33 5
3 168 114 111 11
4 120 80 31 10
5 80 60 72 10
6 120 80 74 14
7 120 100 105 18
8 80 60 53 9
40
587 233 220
8 100
1 120 100 105 19
2 120 100 108 15
3 114 79 85 16
4 120 80 31 12
5 120 80 74 16
6 114 79 53 9
7 80 60 65 9
8 126 108 64 4
41
587 233 220
8 100
1 80 60 72 16
2 114 79 114 24
3 120 100 105 16
4 120 80 31 16
5 120 80 74 9
6 120 100 108 11
7 120 80 94 7
8 114 79 91 1
42
587 233 220
8 100
1 120 80 31 20
2 114 79 53 13
3 80 60 33 10
4 114 98 74 7
5 120 111 115 11
6 114 79 114 20
7 168 114 111 10
8 80 60 53 9
43
587 233 220
8 100
1 168 114 111 15
2 114 98 74 16
3 114 79 114 33
4 126 108 64 5
5 80 60 33 8
6 80 60 65 4
7 80 60 53 4
8 114 79 53 15
44
587 233 220
8 100
1 120 100 108 13
2 120 80 39 11
3 120 80 31 21
4 114 79 91 8
5 80 60 72 11
6 114 79 53 12
7 168 114 111 7
8 114 79 114 17
45
587 233 220
8 100
1 120 80 74 11
2 120 80 39 11
3 80 60 72 16
4 120 100 105 21
5 120 100 108 14
6 114 79 85 10
7 114 79 53 11
8 114 79 72 6
46
587 233 220
8 100
1 120 80 31 12
2 120 100 108 16
3 120 111 115 9
4 168 114 111 10
5 114 79 85 10
6 114 79 114 21
7 80 60 72 16
8 80 60 33 6
47
587 233 220
8 100
1 114 79 114 25
2 114 98 74 18
3 120 80 31 11
4 80 60 53 7
5 126 108 64 9
6 120 100 105 18
7 120 80 39 6
8 114 79 72 6
48
587 233 220
8 100
1 168 114 111 9
2 120 100 108 11
3 114 79 114 17
4 114 79 85 12
5 80 60 65 10
6 120 80 74 17
7 120 100 105 16
8 168 114 76 8
49
587 233 220
8 100
1 120 80 94 9
2 114 98 74 7
3 120 100 105 19
4 114 79 85 13
5 120 80 31 15
6 120 80 74 17
7 168 114 111 15
8 114 79 91 5
50
587 233 220
8 100
1 120 80 31 13
2 80 60 72 16
3 120 80 39 9
4 114 79 114 15
5 80 60 65 6
6 120 100 105 20
7 168 114 76 6
8 120 100 108 15
51
587 233 220
8 100
1 80 60 72 22
2 114 79 85 12
3 114 79 114 21
4 120 100 108 11
5 168 114 111 9
6 120 80 31 14
7 114 98 74 6
8 168 114 76 5
52
587 233 220
8 100
1 120 111 115 8
2 120 100 105 25
3 114 79 72 6
4 80 60 72 13
5 114 79 85 7
6 114 79 114 27
7 120 80 74 10
8 168 114 76 4
53
587 233 220
8 100
1 120 100 105 22
2 114 79 114 17
3 80 60 72 15
4 120 100 108 14
5 80 60 33 5
6 120 80 94 9
7 120 80 74 10
8 114 79 85 8
54
587 233 220
8 100
1 168 114 111 9
2 120 111 115 12
3 120 80 74 10
4 114 79 85 20
5 120 100 105 21
6 120 80 31 14
7 80 60 72 10
8 168 114 76 4
55
587 233 220
8 100
1 120 80 31 20
2 114 79 85 14
3 120 100 108 17
4 168 114 111 7
5 80 60 72 9
6 120 100 105 20
7 114 79 72 4
8 120 80 74 9
56
587 233 220
8 100
1 120 100 108 20
2 114 79 72 4
3 114 79 85 9
4 120 100 105 12
5 120 111 115 7
6 120 80 31 21
7 80 60 72 14
8 114 79 114 13
57
587 233 220
8 100
1 114 79 114 21
2 120 80 31 17
3 80 60 72 18
4 120 100 105 23
5 126 108 64 4
6 168 114 111 6
7 114 79 53 8
8 80 60 33 3
58
587 233 220
8 100
1 114 79 114 27
2 120 100 108 14
3 120 80 74 6
4 120 80 31 14
5 120 111 115 10
6 80 60 65 9
7 114 98 74 9
8 120 100 105 11
59
587 233 220
8 100
1 114 79 114 25
2 114 79 72 12
3 120 80 74 10
4 120 80 94 11
5 120 100 108 16
6 114 79 85 10
7 120 111 115 10
8 114 79 53 6
60
587 233 220
8 100
1 168 114 111 5
2 120 111 115 6
3 80 60 72 19
4 120 100 108 14
5 114 79 85 6
6 114 79 114 21
7 80 60 65 4
8 120 100 105 25
61
587 233 220
8 100
1 114 79 114 25
2 114 98 74 8
3 114 79 85 15
4 120 100 105 18
5 120 80 31 13
6 80 60 33 3
7 120 80 74 11
8 114 79 53 7
62
587 233 220
8 100
1 120 80 74 19
2 168 114 111 7
3 120 80 39 10
4 114 79 85 9
5 120 100 105 27
6 168 114 76 6
7 120 80 31 13
8 120 111 115 9
63
587 233 220
8 100
1 120 100 105 22
2 120 80 31 7
3 80 60 72 16
4 120 100 108 19
5 120 111 115 8
6 120 80 39 11
7 80 60 65 7
8 168 114 111 10
64
587 233 220
8 100
1 114 98 74 18
2 80 60 72 18
3 80 60 65 11
4 114 79 91 6
5 120 100 105 21
6 120 100 108 17
7 114 79 53 5
8 80 60 33 4
65
587 233 220
8 100
1 114 79 114 28
2 114 98 74 12
3 120 100 108 12
4 120 80 74 15
5 114 79 72 6
6 120 80 31 8
7 120 80 94 7
8 120 100 105 12
66
587 233 220
8 100
1 80 60 65 7
2 168 114 111 4
3 120 111 115 16
4 114 79 114 26
5 114 98 74 12
6 114 79 85 19
7 120 80 31 9
8 120 100 108 7
67
587 233 220
8 100
1 168 114 111 11
2 114 79 114 26
3 114 79 72 3
4 120 100 105 17
5 120 80 39 7
6 114 98 74 11
7 120 80 31 20
8 80 60 33 5
68
587 233 220
8 100
1 120 100 105 25
2 114 79 72 7
3 114 79 114 25
4 120 80 94 15
5 126 108 64 5
6 120 100 108 11
7 80 60 53 6
8 120 80 39 6
69
587 233 220
8 100
1 120 80 31 13
2 120 80 94 13
3 120 80 39 11
4 120 100 108 15
5 114 79 85 10
6 80 60 72 19
7 120 111 115 12
8 168 114 76 7
70
587 233 220
8 100
1 114 79 53 10
2 80 60 53 8
3 168 114 76 12
4 114 79 114 29
5 114 98 74 16
6 114 79 91 10
7 114 79 72 8
8 80 60 65 7
71
587 233 220
8 100
1 120 100 108 22
2 120 80 74 10
3 168 114 76 9
4 114 79 114 27
5 114 98 74 9
6 120 80 94 8
7 120 80 39 8
8 80 60 33 7
72
587 233 220
8 100
1 120 100 108 13
2 120 80 31 16
3 120 111 115 7
4 168 114 111 10
5 114 79 72 8
6 114 79 85 15
7 114 79 114 21
8 80 60 53 10
73
587 233 220
8 100
1 120 80 39 8
2 114 79 114 26
3 120 100 108 11
4 120 100 105 14
5 114 79 85 11
6 120 80 31 12
7 120 80 74 14
8 120 111 115 4
74
587 233 220
8 100
1 120 80 94 9
2 114 79 114 28
3 114 79 53 14
4 80 60 53 6
5 120 100 108 15
6 114 79 91 3
7 168 114 76 9
8 120 80 31 16
75
587 233 220
8 100
1 80 60 72 11
2 114 79 114 24
3 120 100 105 12
4 114 98 74 10
5 168 114 111 6
6 120 80 31 14
7 168 114 76 6
8 120 100 108 17
76
587 233 220
8 100
1 168 114 111 9
2 80 60 33 6
3 80 60 72 27
4 120 111 115 9
5 80 60 53 7
6 120 80 39 15
7 80 60 65 16
8 168 114 76 11
77
587 233 220
8 100
1 120 100 105 23
2 120 80 31 18
3 80 60 33 6
4 80 60 72 14
5 114 79 114 19
6 114 79 53 5
7 120 80 74 11
8 126 108 64 4
78
587 233 220
8 100
1 114 98 74 13
2 120 80 39 9
3 114 79 85 13
4 80 60 72 15
5 114 79 114 24
6 120 111 115 6
7 120 80 94 9
8 168 114 111 11
79
587 233 220
8 100
1 114 79 114 25
2 120 111 115 8
3 120 80 94 12
4 120 100 105 18
5 80 60 72 15
6 168 114 111 5
7 120 100 108 11
8 168 114 76 6
80
587 233 220
8 100
1 120 80 74 8
2 80 60 72 16
3 120 100 105 19
4 114 79 114 21
5 120 100 108 11
6 120 80 31 13
7 80 60 65 6
8 120 80 94 6
81
587 233 220
8 100
1 120 100 105 19
2 120 111 115 5
3 120 80 74 20
4 80 60 72 17
5 114 79 85 10
6 120 100 108 16
7 168 114 111 8
8 80 60 65 5
82
587 233 220
8 100
1 80 60 72 19
2 114 98 74 13
3 168 114 111 7
4 120 80 31 12
5 120 100 108 11
6 120 100 105 18
7 114 79 85 14
8 120 80 39 6
83
587 233 220
8 100
1 120 80 74 10
2 120 100 105 20
3 114 79 85 19
4 120 80 39 7
5 80 60 72 17
6 120 111 115 6
7 120 80 31 12
8 114 98 74 9
84
587 233 220
8 100
1 114 79 114 17
2 80 60 72 21
3 120 100 105 18
4 120 80 31 17
5 120 80 74 8
6 126 108 64 9
7 114 79 72 6
8 120 80 94 4
85
587 233 220
8 100
1 120 100 108 12
2 168 114 76 17
3 80 60 53 7
4 80 60 33 10
5 120 80 31 21
6 120 80 39 12
7 114 79 85 11
8 114 79 91 10
86
587 233 220
8 100
1 80 60 72 15
2 114 79 53 12
3 114 79 114 17
4 120 100 105 24
5 80 60 65 7
6 114 98 74 11
7 120 80 31 11
8 114 79 72 3
87
587 233 220
8 100
1 120 100 108 13
2 114 79 114 26
3 120 80 74 12
4 114 98 74 7
5 114 79 53 7
6 168 114 111 14
7 120 80 94 12
8 114 79 91 9
88
587 233 220
8 100
1 114 79 114 29
2 168 114 76 6
3 120 80 39 9
4 114 79 85 12
5 120 111 115 7
6 80 60 72 9
7 168 114 111 6
8 120 100 105 22
89
587 233 220
8 100
1 114 79 114 23
2 168 114 111 9
3 120 80 31 10
4 114 79 85 8
5 120 100 105 16
6 80 60 72 13
7 120 100 108 14
8 80 60 33 7
90
587 233 220
8 100
1 114 79 114 25
2 120 100 108 22
3 120 100 105 19
4 120 80 74 9
5 114 79 85 8
6 168 114 76 6
7 114 79 53 6
8 120 80 94 5
91
587 233 220
8 100
1 120 80 74 15
2 114 79 85 15
3 114 98 74 12
4 120 100 105 19
5 114 79 114 15
6 120 111 115 13
7 80 60 33 4
8 80 60 65 7
92
587 233 220
8 100
1 120 80 74 14
2 114 79 53 12
3 114 79 91 7
4 120 80 94 14
5 120 80 31 20
6 168 114 111 8
7 120 100 108 21
8 126 108 64 4
93
587 233 220
8 100
1 114 79 114 25
2 80 60 72 15
3 168 114 76 16
4 114 79 91 9
5 120 80 39 9
6 80 60 53 12
7 114 79 72 6
8 114 79 53 8
94
587 233 220
8 100
1 120 80 39 17
2 80 60 72 17
3 114 79 114 29
4 120 111 115 8
5 114 79 53 10
6 168 114 76 5
7 80 60 33 8
8 80 60 65 6
95
587 233 220
8 100
1 114 79 114 19
2 80 60 33 8
3 120 80 31 16
4 114 79 85 14
5 168 114 111 9
6 80 60 53 12
7 168 114 76 7
8 80 60 72 15
96
587 233 220
8 100
1 120 80 39 6
2 114 79 114 26
3 114 98 74 15
4 120 100 105 16
5 120 80 31 10
6 80 60 72 16
7 80 60 65 6
8 120 80 94 5
97
587 233 220
8 100
1 114 79 114 28
2 126 108 64 7
3 168 114 76 4
4 120 80 31 21
5 80 60 33 8
6 114 98 74 11
7 120 111 115 13
8 120 80 94 8
98
587 233 220
8 100
1 120 80 31 14
2 120 100 105 17
3 120 80 94 15
4 114 79 53 16
5 80 60 33 8
6 114 98 74 11
7 114 79 114 16
8 126 108 64 3
99
587 233 220
8 100
1 80 60 72 17
2 80 60 33 9
3 168 114 76 10
4 120 100 108 18
5 120 80 31 14
6 80 60 53 6
7 120 80 74 8
8 120 100 105 18
100
587 233 220
8 100
1 114 79 85 18
2 126 108 64 8
3 120 111 115 11
4 80 60 33 3
5 120 80 74 10
6 120 80 31 21
7 114 79 114 22
8 80 60 65 7