100
1
587 233 220
8 50
1 114 79 85 7
2 114 79 114 14
3 114 98 74 5
4 120 80 74 9
5 120 80 94 3
6 120 111 115 3
7 120 100 108 7
8 114 79 72 2
2
587 233 220
8 50
1 114 79 85 5
2 120 100 105 8
3 120 100 108 5
4 120 111 115 10
5 120 80 74 6
6 114 79 114 7
7 120 80 31 7
8 114 79 72 2
3
587 233 220
8 50
1 120 111 115 6
2 120 100 105 7
3 120 80 31 8
4 120 100 108 7
5 114 98 74 9
6 114 79 114 8
7 120 80 74 3
8 80 60 72 2
4
587 233 220
8 50
1 114 79 53 11
2 120 80 74 9
3 114 79 114 11
4 114 79 91 5
5 120 80 31 4
6 168 114 76 6
7 80 60 53 4
5
587 233 220
8 50
1 168 114 76 2
2 120 80 74 5
3 120 100 108 5
4 114 79 114 10
5 120 100 105 12
6 80 60 72 6
7 120 80 31 7
8 80 60 33 3
6
587 233 220
8 50
1 80 60 72 7
2 120 80 39 6
3 120 80 74 5
4 114 79 114 15
5 114 79 85 4
6 120 80 31 4
7 120 100 105 7
8 80 60 33 2
7
587 233 220
8 50
1 114 79 114 10
2 120 80 74 2
3 114 98 74 10
4 120 111 115 3
5 120 100 108 13
6 168 114 76 6
7 126 108 64 2
8 120 80 39 4
8
587 233 220
8 50
1 120 100 105 7
2 114 79 53 6
3 114 79 114 11
4 120 80 94 4
5 120 80 74 13
6 168 114 76 4
7 120 80 39 5
9
587 233 220
8 50
1 168 114 76 7
2 114 79 85 9
3 120 100 105 8
4 168 114 111 6
5 80 60 33 4
6 120 80 94 7
7 120 80 39 6
8 114 79 53 3
10
587 233 220
8 50
1 120 80 39 10
2 80 60 72 11
3 120 80 74 8
4 120 100 108 5
5 114 98 74 3
6 120 80 31 7
7 168 114 111 3
8 120 111 115 3
11
587 233 220
8 50
1 114 79 72 7
2 120 80 39 5
3 80 60 53 4
4 120 80 31 7
5 114 98 74 13
6 120 111 115 7
7 114 79 53 5
8 114 79 91 2
12
587 233 220
8 50
1 168 114 76 5
2 114 79 85 5
3 120 100 108 11
4 120 80 39 6
5 114 98 74 11
6 80 60 72 4
7 120 80 94 7
8 80 60 65 1
13
587 233 220
8 50
1 80 60 65 2
2 120 80 39 5
3 80 60 72 6
4 168 114 76 6
5 114 79 114 12
6 120 80 74 6
7 120 100 108 8
8 168 114 111 5
14
587 233 220
8 50
1 80 60 72 9
2 120 80 74 9
3 114 79 53 9
4 120 100 105 7
5 114 98 74 6
6 120 111 115 5
7 120 80 94 3
8 80 60 53 2
15
587 233 220
8 50
1 120 100 108 7
2 114 79 114 13
3 120 80 94 7
4 120 100 105 6
5 80 60 72 7
6 80 60 33 2
7 120 80 31 3
8 114 79 53 5
16
587 233 220
8 50
1 120 80 39 8
2 114 79 114 13
3 80 60 65 5
4 80 60 33 4
5 120 80 31 7
6 126 108 64 3
7 114 79 91 5
8 120 80 94 5
17
587 233 220
8 50
1 120 80 31 7
2 120 100 105 10
3 114 79 114 9
4 80 60 72 9
5 120 111 115 3
6 114 79 85 7
7 120 80 39 1
8 114 79 53 4
18
587 233 220
8 50
1 114 79 72 5
2 114 79 114 11
3 114 98 74 3
4 80 60 65 6
5 120 100 105 10
6 80 60 53 5
7 80 60 33 5
8 114 79 91 5
19
587 233 220
8 50
1 80 60 33 8
2 80 60 65 9
3 120 100 108 6
4 80 60 72 10
5 120 80 31 10
6 80 60 53 4
7 168 114 76 3
20
587 233 220
8 50
1 120 111 115 7
2 80 60 65 5
3 114 79 53 6
4 120 100 108 5
5 120 80 31 7
6 114 79 114 11
7 80 60 53 2
8 80 60 72 7
21
587 233 220
8 50
1 80 60 53 5
2 114 79 72 1
3 114 79 114 11
4 120 80 74 6
5 120 100 108 7
6 120 100 105 13
7 120 80 31 4
8 80 60 33 3
22
587 233 220
8 50
1 120 111 115 10
2 120 100 108 4
3 114 79 72 3
4 114 79 85 5
5 120 100 105 10
6 80 60 72 7
7 114 79 53 11
23
587 233 220
8 50
1 114 98 74 6
2 80 60 72 10
3 120 100 105 17
4 120 100 108 4
5 120 111 115 4
6 114 79 91 5
7 168 114 76 2
8 80 60 65 2
24
587 233 220
8 50
1 120 80 31 6
2 120 100 108 5
3 120 80 39 6
4 120 100 105 12
5 114 79 114 12
6 114 98 74 4
7 80 60 53 2
8 120 80 74 3
25
587 233 220
8 50
1 80 60 53 4
2 120 111 115 5
3 120 100 108 9
4 80 60 72 13
5 114 79 53 4
6 168 114 111 6
7 120 100 105 8
8 120 80 94 1
26
587 233 220
8 50
1 120 100 105 12
2 80 60 72 11
3 120 80 39 1
4 120 111 115 5
5 114 98 74 8
6 114 79 85 6
7 114 79 53 2
8 168 114 111 5
27
587 233 220
8 50
1 120 80 39 6
2 114 98 74 12
3 80 60 72 6
4 120 111 115 4
5 114 79 53 6
6 120 80 94 4
7 120 100 105 7
8 114 79 72 5
28
587 233 220
8 50
1 120 100 105 9
2 120 80 31 8
3 114 79 114 11
4 114 98 74 6
5 114 79 85 10
6 120 80 74 3
7 120 111 115 1
8 80 60 65 2
29
587 233 220
8 50
1 120 80 74 9
2 114 79 114 12
3 120 100 105 7
4 114 79 85 5
5 168 114 76 1
6 80 60 72 13
7 114 79 72 2
8 114 79 91 1
30
587 233 220
8 50
1 120 80 74 4
2 114 79 53 6
3 120 80 94 4
4 114 79 114 12
5 168 114 76 6
6 114 79 85 6
7 120 100 108 9
8 114 79 72 3
31
587 233 220
8 50
1 120 100 105 12
2 80 60 72 7
3 114 79 91 2
4 114 79 114 15
5 120 111 115 3
6 114 79 72 3
7 80 60 33 6
8 120 80 39 2
32
587 233 220
8 50
1 114 79 72 5
2 120 80 31 6
3 120 100 105 14
4 120 80 94 6
5 126 108 64 4
6 80 60 53 3
7 120 111 115 9
8 114 79 85 3
33
587 233 220
8 50
1 120 100 105 8
2 120 80 31 10
3 80 60 72 7
4 126 108 64 6
5 114 79 114 11
6 114 79 85 5
7 80 60 53 3
34
587 233 220
8 50
1 120 80 31 8
2 120 100 105 12
3 114 98 74 5
4 168 114 111 4
5 120 111 115 4
6 120 100 108 9
7 80 60 33 5
8 168 114 76 3
35
587 233 220
8 50
1 114 79 53 5
2 80 60 72 6
3 120 111 115 4
4 120 100 105 12
5 114 79 114 10
6 120 80 94 3
7 80 60 33 6
8 168 114 111 4
36
587 233 220
8 50
1 120 100 105 13
2 80 60 72 8
3 114 79 91 4
4 114 79 53 5
5 114 79 114 10
6 80 60 53 6
7 120 80 94 2
8 120 80 31 2
37
587 233 220
8 50
1 80 60 72 12
2 80 60 33 6
3 114 79 114 13
4 168 114 111 6
5 120 80 31 2
6 114 98 74 5
7 120 100 105 6
38
587 233 220
8 50
1 114 79 53 6
2 120 80 94 7
3 168 114 76 7
4 120 80 74 10
5 114 79 114 10
6 80 60 33 6
7 114 79 85 1
8 114 79 91 3
39
587 233 220
8 50
1 80 60 72 9
2 120 80 31 8
3 120 111 115 7
4 120 80 39 6
5 120 80 74 6
6 126 108 64 4
7 114 98 74 4
8 114 79 53 6
40
587 233 220
8 50
1 114 79 72 6
2 120 80 74 6
3 120 100 105 6
4 114 79 91 2
5 126 108 64 4
6 114 79 114 15
7 80 60 33 1
8 120 80 31 10
41
587 233 220
8 50
1 120 80 31 8
2 120 80 94 7
3 114 79 72 2
4 80 60 72 13
5 120 100 105 14
6 168 114 76 1
7 80 60 53 3
8 80 60 65 2
42
587 233 220
8 50
1 168 114 76 5
2 114 79 114 9
3 80 60 72 9
4 120 80 74 7
5 114 79 85 6
6 114 98 74 6
7 168 114 111 4
8 120 80 39 4
43
587 233 220
8 50
1 120 111 115 7
2 168 114 76 5
3 168 114 111 4
4 114 79 114 15
5 120 80 74 7
6 120 80 94 3
7 114 98 74 5
8 80 60 53 4
44
587 233 220
8 50
1 120 100 105 15
2 168 114 76 10
3 114 79 114 10
4 114 79 53 2
5 120 80 31 8
6 80 60 53 3
7 120 80 94 2
45
587 233 220
8 50
1 114 79 91 3
2 120 80 31 9
3 120 100 108 6
4 80 60 72 8
5 120 80 39 5
6 120 100 105 10
7 120 80 94 5
8 114 79 72 4
46
587 233 220
8 50
1 120 111 115 5
2 120 100 108 3
3 80 60 72 18
4 80 60 65 4
5 120 80 39 4
6 120 80 94 6
7 114 79 114 7
8 80 60 33 3
47
587 233 220
8 50
1 114 98 74 7
2 114 79 114 10
3 120 100 105 10
4 114 79 85 8
5 114 79 72 6
6 126 108 64 5
7 168 114 111 3
8 114 79 91 1
48
587 233 220
8 50
1 168 114 76 5
2 120 80 94 6
3 120 100 105 17
4 80 60 33 6
5 120 100 108 6
6 120 80 74 4
7 114 79 53 5
8 80 60 65 1
49
587 233 220
8 50
1 120 100 105 11
2 80 60 53 2
3 80 60 72 9
4 126 108 64 4
5 114 79 114 13
6 114 79 85 5
7 114 98 74 4
8 120 80 39 2
50
587 233 220
8 50
1 114 98 74 8
2 114 79 114 15
3 120 80 74 8
4 120 80 39 5
5 126 108 64 5
6 120 80 31 6
7 114 79 91 3
51
587 233 220
8 50
1 114 79 114 12
2 120 100 105 10
3 120 80 31 10
4 120 80 39 1
5 114 98 74 7
6 80 60 72 5
7 120 111 115 2
8 80 60 65 3
52
587 233 220
8 50
1 120 80 31 7
2 114 79 114 13
3 80 60 72 8
4 114 79 85 11
5 80 60 65 3
6 120 111 115 4
7 120 80 74 3
8 168 114 76 1
53
587 233 220
8 50
1 114 79 91 4
2 120 100 105 8
3 80 60 72 9
4 114 98 74 13
5 80 60 33 2
6 114 79 53 4
7 120 80 94 8
8 168 114 76 2
54
587 233 220
8 50
1 120 80 94 5
2 80 60 72 12
3 120 111 115 3
4 114 79 114 17
5 80 60 53 5
6 114 79 72 3
7 80 60 33 2
8 80 60 65 3
55
587 233 220
8 50
1 80 60 72 13
2 120 100 105 9
3 114 79 114 13
4 114 79 72 4
5 120 80 31 4
6 120 80 39 5
7 114 79 91 1
8 80 60 53 1
56
587 233 220
8 50
1 120 80 31 6
2 120 111 115 11
3 120 100 105 12
4 114 79 91 2
5 80 60 53 2
6 80 60 72 9
7 114 98 74 5
8 120 80 94 3
57
587 233 220
8 50
1 114 79 53 5
2 168 114 111 5
3 120 80 31 8
4 120 100 105 10
5 114 79 114 9
6 120 80 94 6
7 114 98 74 5
8 80 60 53 2
58
587 233 220
8 50
1 80 60 72 8
2 114 79 91 5
3 114 79 114 15
4 120 80 94 2
5 120 111 115 3
6 168 114 111 5
7 114 79 85 7
8 120 100 108 5
59
587 233 220
8 50
1 80 60 72 11
2 120 80 31 5
3 120 80 94 3
4 120 100 108 6
5 114 79 91 6
6 120 111 115 6
7 114 79 114 11
8 114 79 72 2
60
587 233 220
8 50
1 114 79 114 11
2 80 60 72 8
3 114 79 53 4
4 120 80 94 4
5 114 79 85 10
6 80 60 65 4
7 114 98 74 5
8 120 80 31 4
61
587 233 220
8 50
1 120 111 115 6
2 120 80 74 7
3 114 79 53 8
4 120 100 108 6
5 114 79 114 15
6 80 60 65 2
7 80 60 33 2
8 120 80 94 4
62
587 233 220
8 50
1 80 60 72 18
2 120 80 74 5
3 168 114 111 4
4 114 98 74 5
5 120 80 31 5
6 114 79 53 9
7 80 60 53 2
8 168 114 76 2
63
587 233 220
8 50
1 114 79 91 3
2 168 114 76 9
3 114 79 53 3
4 120 100 105 9
5 114 79 114 14
6 120 100 108 6
7 120 111 115 5
8 120 80 74 1
64
587 233 220
8 50
1 114 79 53 4
2 114 79 114 9
3 120 80 31 6
4 114 98 74 8
5 80 60 72 9
6 120 111 115 8
7 114 79 85 2
8 120 80 39 4
65
587 233 220
8 50
1 114 79 85 8
2 80 60 53 3
3 120 80 74 5
4 120 111 115 4
5 114 79 114 16
6 114 98 74 5
7 80 60 33 4
8 168 114 111 5
66
587 233 220
8 50
1 114 79 85 8
2 114 79 114 8
3 80 60 72 5
4 120 80 39 5
5 120 80 31 6
6 120 100 108 11
7 120 80 94 6
8 80 60 65 1
67
587 233 220
8 50
1 80 60 53 5
2 114 79 85 8
3 114 79 53 5
4 120 80 74 5
5 120 100 108 10
6 120 100 105 8
7 120 80 31 5
8 114 79 72 4
68
587 233 220
8 50
1 120 80 94 6
2 114 79 53 8
3 114 79 72 6
4 80 60 33 7
5 114 79 85 8
6 168 114 111 7
7 120 100 108 5
8 120 80 39 3
69
587 233 220
8 50
1 114 98 74 5
2 120 100 108 9
3 80 60 72 14
4 114 79 53 5
5 80 60 53 3
6 168 114 111 3
7 120 80 39 7
8 120 100 105 4
70
587 233 220
8 50
1 120 80 31 10
2 114 79 53 4
3 120 80 74 3
4 120 111 115 4
5 120 100 105 12
6 80 60 72 12
7 120 80 94 3
8 120 100 108 2
71
587 233 220
8 50
1 120 80 74 4
2 168 114 111 6
3 126 108 64 4
4 114 79 53 11
5 120 80 39 6
6 120 80 31 11
7 114 79 72 4
8 114 79 85 4
72
587 233 220
8 50
1 80 60 72 10
2 114 79 72 4
3 120 100 105 14
4 168 114 76 7
5 120 80 74 4
6 114 98 74 9
7 126 108 64 2
73
587 233 220
8 50
1 120 100 108 8
2 80 60 72 12
3 120 80 31 8
4 120 80 74 3
5 114 79 114 12
6 168 114 76 4
7 120 80 39 2
8 114 79 53 1
74
587 233 220
8 50
1 120 80 31 5
2 126 108 64 3
3 80 60 72 12
4 120 80 94 4
5 120 80 39 9
6 114 79 91 4
7 114 79 114 13
75
587 233 220
8 50
1 114 98 74 8
2 120 80 39 3
3 120 100 108 9
4 120 80 74 7
5 120 100 105 10
6 114 79 72 6
7 80 60 33 5
8 168 114 76 2
76
587 233 220
8 50
1 120 111 115 6
2 120 100 108 9
3 114 98 74 9
4 120 80 31 10
5 114 79 85 5
6 120 80 74 6
7 80 60 33 2
8 120 80 39 3
77
587 233 220
8 50
1 120 80 31 8
2 168 114 111 10
3 80 60 72 7
4 168 114 76 5
5 114 79 91 2
6 120 100 105 15
7 114 98 74 2
8 80 60 53 1
78
587 233 220
8 50
1 168 114 111 5
2 120 80 74 8
3 120 80 94 5
4 114 79 85 5
5 168 114 76 4
6 120 100 105 10
7 114 79 114 8
8 120 80 39 5
79
587 233 220
8 50
1 80 60 53 6
2 120 80 39 2
3 168 114 111 5
4 80 60 72 15
5 120 100 108 9
6 120 100 105 6
7 120 111 115 6
8 168 114 76 1
80
587 233 220
8 50
1 120 80 31 6
2 114 79 85 4
3 80 60 72 9
4 114 79 114 9
5 114 79 53 7
6 114 98 74 4
7 120 100 105 8
8 80 60 33 3
81
587 233 220
8 50
1 120 100 105 11
2 120 100 108 9
3 120 80 31 5
4 80 60 53 7
5 80 60 72 7
6 114 79 114 7
7 126 108 64 2
8 114 79 85 2
82
587 233 220
8 50
1 120 80 31 8
2 114 79 114 12
3 120 100 108 6
4 120 111 115 9
5 120 100 105 8
6 80 60 53 2
7 80 60 33 4
8 126 108 64 1
83
587 233 220
8 50
1 120 80 94 7
2 120 80 74 7
3 80 60 72 7
4 120 80 39 3
5 120 100 108 6
6 168 114 111 7
7 120 111 115 7
8 80 60 33 6
84
587 233 220
8 50
1 114 79 114 12
2 120 100 108 8
3 114 79 72 4
4 120 80 31 7
5 120 100 105 7
6 120 80 74 7
7 168 114 76 3
8 80 60 53 2
85
587 233 220
8 50
1 114 79 72 4
2 120 80 94 4
3 126 108 64 3
4 120 100 108 16
5 114 79 53 3
6 114 79 114 12
7 120 100 105 5
8 168 114 111 3
86
587 233 220
8 50
1 120 80 74 8
2 80 60 72 7
3 168 114 76 3
4 114 79 114 10
5 120 80 94 8
6 120 100 108 4
7 80 60 65 3
8 114 79 85 7
87
587 233 220
8 50
1 120 100 105 12
2 114 98 74 11
3 80 60 53 3
4 168 114 111 7
5 120 111 115 7
6 120 100 108 4
7 120 80 31 4
8 80 60 65 2
88
587 233 220
8 50
1 114 79 114 14
2 114 79 85 6
3 120 100 105 9
4 120 80 94 3
5 114 79 72 4
6 120 80 31 10
7 126 108 64 2
8 80 60 65 2
89
587 233 220
8 50
1 120 100 108 8
2 120 80 74 9
3 120 100 105 11
4 168 114 76 4
5 80 60 72 7
6 80 60 33 2
7 114 98 74 6
8 80 60 65 3
90
587 233 220
8 50
1 120 80 31 7
2 114 79 114 10
3 168 114 111 2
4 120 100 105 9
5 80 60 72 8
6 120 100 108 5
7 120 111 115 2
8 120 80 74 7
91
587 233 220
8 50
1 120 100 108 5
2 114 79 114 16
3 114 79 72 2
4 114 79 85 9
5 114 79 91 4
6 80 60 65 3
7 120 100 105 5
8 120 80 94 6
92
587 233 220
8 50
1 80 60 72 8
2 120 100 105 10
3 120 80 39 9
4 114 79 114 6
5 114 79 85 11
6 168 114 111 2
7 80 60 53 1
8 114 79 72 3
93
587 233 220
8 50
1 168 114 111 2
2 120 80 74 6
3 168 114 76 10
4 120 100 105 11
5 120 80 94 6
6 114 79 114 5
7 120 80 39 5
8 114 79 85 5
94
587 233 220
8 50
1 120 100 108 6
2 120 100 105 11
3 114 79 53 5
4 168 114 111 5
5 114 79 114 17
6 114 79 72 1
7 120 80 94 3
8 120 111 115 2
95
587 233 220
8 50
1 80 60 72 11
2 114 79 114 17
3 120 111 115 4
4 120 80 94 6
5 80 60 33 3
6 80 60 65 4
7 120 80 31 4
8 168 114 76 1
96
587 233 220
8 50
1 120 111 115 6
2 114 79 114 9
3 120 80 31 6
4 120 100 105 7
5 80 60 72 8
6 168 114 111 6
7 120 80 94 4
8 114 79 72 4
97
587 233 220
8 50
1 120 100 108 11
2 80 60 33 8
3 120 111 115 4
4 120 80 31 9
5 168 114 111 2
6 114 79 114 5
7 80 60 72 9
8 114 79 53 2
98
587 233 220
8 50
1 114 79 85 8
2 114 79 91 3
3 114 98 74 5
4 120 100 108 8
5 120 80 31 5
6 120 80 39 5
7 80 60 72 11
8 80 60 65 5
99
587 233 220
8 50
1 80 60 72 9
2 114 79 114 9
3 120 100 108 9
4 120 80 94 6
5 114 79 91 3
6 120 80 74 4
7 168 114 111 7
8 120 80 31 3
100
587 233 220
8 50
1 114 98 74 10
2 120 80 31 6
3 120 100 105 9
4 168 114 111 5
5 120 80 94 9
6 114 79 91 4
7 168 114 76 2
8 80 60 53 5